Final, 1, 2, 3, Score, 
Oral Roberts (0-2), 7, 15, 18, 0, 
Wyoming (2-0), 25, 25, 25, 3, 
~
Oral Roberts, 
, -- Attack --, , -- Serve --, , -- Block --, , , 
#, Player, SP, K, E, TA, K%, A, SA, SE, RE, DIGS, BS, BA, BE, BHE, PTS, 
10, Bria Bergman, 3, 3, 0, 4, .750, 17, 0, 0, 0, 4, 0, 1, 0, 0, 3.5, 
11, Taylan Nero, 3, 4, 1, 7, .429, 0, 0, 0, 0, 2, 0, 2, 0, 0, 5.0, 
12, Bri Greenlee, 2, 0, 2, 5, -.400, 0, 0, 0, 0, 0, 0, 0, 0, 0, 0.0, 
14, Katarina Mikulic, 3, 0, 2, 6, -.333, 0, 1, 0, 0, 1, 0, 0, 0, 0, 1.0, 
15, Morgan Blomquist, 3, 2, 2, 9, .000, 0, 0, 0, 0, 1, 1, 1, 0, 0, 3.5, 
17, CeCe Madison, 3, 4, 9, 16, -.312, 1, 0, 2, 0, 4, 1, 1, 0, 0, 5.5, 
1, Tori Roe, 3, 0, 0, 0, .000, 0, 0, 1, 1, 7, 0, 0, 0, 0, 0.0, 
6, Inka Inkret, 2, 5, 2, 10, .300, 0, 0, 0, 0, 0, 0, 1, 0, 0, 5.5, 
13, Sarah Thiessen, 3, 0, 0, 0, .000, 1, 0, 1, 0, 4, 0, 0, 0, 0, 0.0, 
16, Lara Picht, 3, 3, 6, 25, -.120, 0, 0, 0, 0, 1, 0, 0, 0, 0, 3.0, 
Totals, 21, 24, 82, -.037, 19, 1, 4, 1, 24, 2, 6, 0, 0, 27.0, 
~
Wyoming, 
, -- Attack --, , -- Serve --, , -- Block --, , , 
#, Player, SP, K, E, TA, K%, A, SA, SE, RE, DIGS, BS, BA, BE, BHE, PTS, 
2, MCBRIDE, Jackie, 3, 8, 0, 8, 1.000, 1, 0, 0, 0, 0, 1, 5, 0, 0, 11.5, 
7, TRAPHAGAN, Tara, 3, 9, 2, 14, .500, 0, 0, 0, 0, 0, 1, 6, 0, 0, 13.0, 
13, LEWIS, Emily, 3, 5, 1, 12, .333, 0, 0, 1, 1, 4, 0, 1, 0, 0, 5.5, 
15, COPELAND, Reed, 3, 4, 2, 10, .200, 1, 0, 0, 0, 1, 0, 4, 0, 0, 6.0, 
17, MCARDLE, Halie, 3, 8, 0, 14, .571, 1, 1, 0, 0, 8, 0, 1, 0, 0, 9.5, 
18, AAFEDT, Cori, 3, 0, 0, 0, .000, 18, 0, 2, 0, 5, 0, 0, 0, 0, 0.0, 
1, FIELDS, Madi, 3, 0, 0, 0, .000, 3, 0, 1, 0, 9, 0, 0, 0, 0, 0.0, 
3, FREELAND, Kaytlen, 1, 2, 1, 7, .143, 0, 0, 0, 0, 1, 0, 0, 0, 0, 2.0, 
4, CHASE, Jaiden, 3, 0, 0, 0, .000, 0, 0, 0, 0, 3, 0, 0, 0, 0, 0.0, 
5, MCMAHON, KC, 3, 4, 2, 7, .286, 1, 0, 0, 0, 0, 0, 2, 0, 0, 5.0, 
6, HARMON, Marissa, 3, 3, 0, 3, 1.000, 16, 0, 1, 0, 2, 0, 0, 0, 0, 3.0, 
10, WAITSMAN, Faith, 1, 0, 2, 3, -.667, 0, 0, 1, 0, 0, 0, 1, 0, 0, 0.5, 
Totals, 43, 10, 78, .423, 41, 1, 6, 1, 33, 2, 20, 0, 0, 56.0, 
~
