Final, 1, 2, 3, Score, 
North Dakota (14-17 (6-9 Summit)), 23, 16, 20, 0, 
South Dakota (18-9 (12-3 Summit)), 25, 25, 25, 3, 
~
North Dakota, 
, -- Attack --, , -- Serve --, , -- Block --, , , 
#, Player, SP, K, E, TA, K%, A, SA, SE, RE, DIGS, BS, BA, BE, BHE, PTS, 
1, Darian Chwialkowski, 3, 3, 1, 18, .111, 0, 1, 0, 3, 10, 0, 2, 1, 0, 5.0, 
4, Taliyah Flores, 3, 8, 4, 27, .148, 0, 0, 1, 0, 10, 0, 0, 0, 0, 8.0, 
5, Alivia Fraase, 3, 0, 0, 0, .000, 0, 2, 0, 1, 22, 0, 0, 0, 1, 2.0, 
7, Lexi Ahrens, 3, 5, 1, 19, .211, 0, 1, 0, 0, 2, 1, 5, 2, 1, 9.5, 
8, Lydia Rutten, 1, 0, 0, 0, .000, 0, 0, 0, 0, 0, 0, 0, 0, 0, 0.0, 
9, Roosa Rautio, 3, 1, 2, 7, -.143, 24, 0, 0, 0, 8, 0, 0, 0, 1, 1.0, 
12, Jordan Vail, 3, 7, 4, 19, .158, 0, 0, 0, 0, 0, 1, 0, 0, 0, 8.0, 
15, Taylor Riedl, 1, 1, 0, 4, .250, 0, 0, 0, 0, 0, 0, 0, 0, 0, 1.0, 
17, Tamika Brekke, 3, 0, 0, 0, .000, 1, 0, 0, 2, 2, 0, 0, 0, 0, 0.0, 
18, Ashley Brueggeman, 3, 4, 4, 22, .000, 0, 0, 0, 0, 3, 0, 3, 0, 0, 5.5, 
Totals, 29, 16, 116, .112, 25, 4, 1, 6, 57, 2, 10, 3, 3, 40.0, 
~
South Dakota, 
, -- Attack --, , -- Serve --, , -- Block --, , , 
#, Player, SP, K, E, TA, K%, A, SA, SE, RE, DIGS, BS, BA, BE, BHE, PTS, 
2, Claire Gerdes, 3, 7, 2, 15, .333, 0, 0, 0, 0, 0, 1, 1, 0, 0, 8.5, 
3, Taylor Wilson, 3, 18, 4, 30, .467, 0, 3, 2, 0, 1, 1, 2, 0, 0, 23.0, 
4, Madison Jurgens, 3, 2, 1, 8, .125, 34, 0, 0, 0, 8, 0, 0, 0, 0, 2.0, 
5, Jenna Wagemester, 2, 1, 1, 7, .000, 0, 0, 0, 0, 2, 0, 0, 0, 0, 1.0, 
6, Hayley Dotseth, 3, 11, 8, 51, .059, 2, 1, 1, 0, 12, 0, 1, 0, 1, 12.5, 
9, Kristina Susak, 1, 2, 0, 4, .500, 0, 0, 0, 1, 0, 0, 1, 0, 0, 2.5, 
12, Elizabeth Loschen, 3, 8, 2, 22, .273, 0, 0, 0, 0, 1, 0, 1, 0, 0, 8.5, 
14, Lolo Weideman, 3, 0, 0, 2, .000, 3, 0, 1, 0, 9, 0, 0, 0, 0, 0.0, 
15, Anne Rasmussen, 3, 0, 0, 0, .000, 2, 2, 1, 0, 20, 0, 0, 0, 0, 2.0, 
16, Mehana Fonseca, 3, 0, 0, 0, .000, 0, 0, 2, 2, 7, 0, 0, 0, 0, 0.0, 
TM, TEAM, 1, 0, 0, 0, .000, 0, 0, 0, 1, 0, 0, 0, 0, 0, 0.0, 
Totals, 49, 18, 139, .223, 41, 6, 7, 4, 60, 2, 6, 0, 1, 60.0, 
~
