Final, 1, 2, 3, Score, 
North Dakota (9-8, 1-1 SL), 21, 22, 22, 0, 
Purdue Fort Wayne (10-5, 1-0 SL), 25, 25, 25, 3, 
~
North Dakota, 
, -- Attack --, , -- Serve --, , -- Block --, , , 
#, Player, SP, K, E, TA, K%, A, SA, SE, RE, DIGS, BS, BA, BE, BHE, PTS, 
0, Kayla Williams, 3, 10, 4, 33, .182, 0, 1, 1, 1, 10, 0, 1, 0, 0, 11.5, 
2, Brynn Nieukirk, 3, 6, 2, 25, .160, 0, 0, 0, 0, 2, 0, 1, 1, 0, 6.5, 
4, Taliyah Flores, 3, 0, 0, 0, .000, 0, 0, 1, 1, 15, 0, 0, 0, 0, 0.0, 
5, Alivia Fraase, 3, 0, 0, 0, .000, 3, 0, 0, 0, 5, 0, 0, 0, 0, 0.0, 
8, Lydia Rutten, 3, 3, 1, 8, .250, 0, 0, 0, 0, 0, 0, 1, 1, 0, 3.5, 
9, Roosa Rautio, 3, 0, 1, 2, -.500, 36, 0, 0, 0, 8, 0, 0, 0, 0, 0.0, 
12, Jordan Vail, 3, 12, 2, 24, .417, 0, 0, 0, 0, 0, 2, 2, 1, 0, 15.0, 
16, Maggie Smith, 2, 0, 0, 0, .000, 1, 0, 0, 0, 1, 0, 0, 0, 0, 0.0, 
17, Tamika Brekke, 3, 0, 0, 1, .000, 0, 1, 1, 1, 5, 0, 0, 0, 0, 1.0, 
18, Ashley Brueggeman, 3, 11, 5, 32, .188, 0, 0, 0, 0, 7, 0, 1, 1, 0, 11.5, 
TM, Team, 1, 0, 0, 0, .000, 0, 0, 0, 1, 0, 0, 0, 0, 0, 0.0, 
Totals, 42, 15, 125, .216, 40, 2, 3, 4, 53, 2, 6, 4, 0, 49.0, 
~
Purdue Fort Wayne, 
, -- Attack --, , -- Serve --, , -- Block --, , , 
#, Player, SP, K, E, TA, K%, A, SA, SE, RE, DIGS, BS, BA, BE, BHE, PTS, 
1, Madison Jaqua, 3, 1, 1, 9, .000, 41, 1, 0, 0, 16, 0, 1, 0, 1, 2.5, 
3, Elizabeth Britner, 3, 0, 0, 0, .000, 5, 0, 1, 0, 9, 0, 0, 0, 0, 0.0, 
4, Victoria Mills, 3, 0, 0, 0, .000, 2, 0, 0, 0, 11, 0, 0, 0, 1, 0.0, 
8, Elizabeth Fuerst, 3, 10, 2, 34, .235, 0, 0, 0, 0, 1, 0, 0, 0, 0, 10.0, 
9, Katie Crowe, 3, 14, 4, 29, .345, 0, 1, 3, 1, 12, 0, 1, 1, 0, 15.5, 
10, Sandra Hoevels, 3, 5, 1, 10, .400, 0, 0, 0, 0, 0, 0, 0, 0, 0, 5.0, 
13, Sydney Boerst, 3, 5, 2, 11, .273, 0, 2, 0, 0, 5, 1, 2, 0, 0, 9.0, 
24, Nicole Rightnowar, 3, 18, 3, 45, .333, 0, 0, 1, 0, 8, 1, 0, 0, 0, 19.0, 
TM, TEAM, 1, 0, 0, 0, .000, 0, 0, 0, 1, 0, 0, 0, 0, 0, 0.0, 
Totals, 53, 13, 138, .290, 48, 4, 5, 2, 62, 2, 4, 1, 2, 61.0, 
~
