Final, 1, 2, 3, 4, Score, 
North Dakota State (4-13 (2-4)), 25, 25, 17, 25, 3, 
Western Illinois (1-17 (0-5)), 15, 21, 25, 17, 1, 
~
North Dakota State, 
, -- Attack --, , -- Serve --, , -- Block --, , , 
#, Player, SP, K, E, TA, K%, A, SA, SE, RE, DIGS, BS, BA, BE, BHE, PTS, 
1, Kirstin Tidd, 1, 2, 0, 2, 1.000, 0, 0, 0, 0, 0, 0, 0, 0, 0, 2.0, 
2, Allie Mauch, 4, 13, 6, 26, .269, 0, 0, 0, 0, 1, 0, 3, 0, 1, 14.5, 
4, Ally Murphy, 1, 0, 0, 0, .000, 0, 0, 0, 0, 0, 0, 0, 0, 0, 0.0, 
5, McKenzie Burke, 4, 14, 5, 34, .265, 1, 1, 1, 0, 5, 0, 1, 0, 0, 15.5, 
6, Alex Erickson, 4, 0, 1, 4, -.250, 0, 0, 0, 1, 7, 0, 0, 0, 0, 0.0, 
7, Abbi Klos, 4, 0, 0, 0, .000, 4, 0, 0, 1, 22, 0, 0, 0, 0, 0.0, 
8, Bella Lien, 4, 3, 1, 7, .286, 0, 0, 0, 0, 0, 0, 3, 0, 0, 4.5, 
9, Emily Halverson, 4, 8, 2, 20, .300, 0, 2, 0, 0, 0, 0, 4, 0, 0, 12.0, 
10, Maggie Steffen, 1, 1, 0, 1, 1.000, 0, 0, 0, 0, 1, 0, 0, 0, 0, 1.0, 
11, Paige Schaffer, 1, 0, 0, 0, .000, 0, 0, 0, 0, 3, 0, 0, 0, 0, 0.0, 
12, Kaylee Hanger, 4, 0, 0, 0, .000, 0, 0, 0, 0, 12, 0, 0, 0, 0, 0.0, 
13, Alexis Bachmeier, 4, 8, 3, 25, .200, 0, 2, 0, 1, 6, 0, 1, 0, 0, 10.5, 
16, Kalli Hegerle, 4, 1, 1, 5, .000, 45, 0, 0, 0, 6, 0, 4, 0, 0, 3.0, 
Totals, 50, 19, 124, .250, 50, 5, 1, 3, 63, 0, 16, 0, 1, 63.0, 
~
Western Illinois, 
, -- Attack --, , -- Serve --, , -- Block --, , , 
#, Player, SP, K, E, TA, K%, A, SA, SE, RE, DIGS, BS, BA, BE, BHE, PTS, 
1, Shaela Gray, 1, 1, 1, 5, .000, 0, 0, 0, 0, 0, 0, 0, 0, 0, 1.0, 
3, Shiah Sanders, 4, 11, 4, 31, .226, 1, 0, 1, 0, 2, 0, 4, 0, 0, 13.0, 
5, Jaime Johnson, 4, 1, 0, 1, 1.000, 43, 2, 0, 0, 6, 0, 0, 0, 0, 3.0, 
6, Mariah Mitchell, 2, 4, 2, 9, .222, 0, 0, 0, 0, 0, 0, 2, 0, 0, 5.0, 
7, Melanie Patenaude, 4, 15, 6, 36, .250, 0, 0, 3, 1, 10, 0, 0, 0, 1, 15.0, 
8, Claire Grove, 4, 0, 0, 0, .000, 0, 0, 2, 1, 20, 0, 0, 0, 0, 0.0, 
9, Kaylee Woodard, 4, 0, 0, 0, .000, 0, 0, 0, 0, 4, 0, 0, 0, 0, 0.0, 
12, Erika Moore, 2, 0, 0, 0, .000, 0, 0, 0, 2, 0, 0, 0, 0, 0, 0.0, 
14, Cassie Hunt, 2, 0, 0, 0, .000, 7, 0, 4, 0, 4, 0, 0, 0, 0, 0.0, 
15, Mackenzie Steckler, 2, 4, 2, 9, .222, 0, 0, 0, 0, 1, 0, 3, 0, 0, 5.5, 
17, Riley Schumacher, 4, 6, 3, 14, .214, 0, 1, 0, 0, 0, 0, 4, 0, 0, 9.0, 
20, Kennedy Drewis, 1, 0, 0, 1, .000, 0, 0, 0, 0, 0, 0, 0, 1, 0, 0.0, 
21, Madeline Dieter, 2, 2, 1, 5, .200, 0, 0, 1, 0, 0, 0, 1, 0, 0, 2.5, 
24, Emma Norris, 4, 10, 6, 34, .118, 0, 0, 0, 0, 2, 0, 0, 0, 0, 10.0, 
TM, TEAM, 1, 0, 0, 0, .000, 0, 0, 0, 1, 0, 0, 0, 0, 0, 0.0, 
Totals, 54, 25, 145, .200, 51, 3, 11, 5, 49, 0, 14, 1, 1, 64.0, 
~
