Final, 1, 2, 3, Score, 
UAB (7-3), 29, 25, 25, 3, 
North Dakota (5-4), 27, 15, 21, 0, 
~
UAB, 
, -- Attack --, , -- Serve --, , -- Block --, , , 
#, Player, SP, K, E, TA, K%, A, SA, SE, RE, DIGS, BS, BA, BE, BHE, PTS, 
2, KELLS, Alex, 3, 10, 3, 31, .226, 1, 0, 1, 2, 8, 0, 2, 0, 0, 11.0, 
5, CARLILE, Abby, 3, 7, 5, 22, .091, 0, 0, 0, 0, 5, 0, 3, 0, 0, 8.5, 
6, RUDOLPH, Emily, 3, 7, 3, 15, .267, 0, 0, 0, 0, 1, 2, 4, 0, 0, 11.0, 
8, GILCHRIST, Kaylee, 2, 0, 0, 0, .000, 0, 0, 0, 0, 1, 0, 0, 0, 0, 0.0, 
10, MITCHELL, Emma, 3, 11, 2, 31, .290, 0, 0, 1, 1, 10, 0, 2, 0, 0, 12.0, 
11, MULLER, Brianna, 3, 0, 0, 0, .000, 1, 0, 0, 1, 3, 0, 0, 0, 0, 0.0, 
13, YOUNG, Victoria, 3, 6, 4, 11, .182, 0, 1, 1, 0, 1, 2, 4, 0, 0, 11.0, 
15, D'CRUZ, Anna, 2, 0, 0, 1, .000, 0, 0, 0, 0, 0, 0, 0, 0, 0, 0.0, 
16, MARTINEZ, Emily, 3, 0, 0, 0, .000, 2, 3, 4, 1, 14, 0, 0, 0, 0, 3.0, 
18, HOLDERFIELD, Shelby, 3, 2, 0, 5, .400, 34, 1, 0, 0, 11, 0, 1, 0, 1, 3.5, 
TM, TEAM, 1, 0, 0, 0, .000, 0, 0, 0, 1, 0, 0, 0, 0, 0, 0.0, 
Totals, 43, 17, 116, .224, 38, 5, 7, 6, 54, 4, 16, 0, 1, 60.0, 
~
North Dakota, 
, -- Attack --, , -- Serve --, , -- Block --, , , 
#, Player, SP, K, E, TA, K%, A, SA, SE, RE, DIGS, BS, BA, BE, BHE, PTS, 
0, Kayla Williams, 3, 11, 5, 31, .194, 0, 3, 1, 1, 9, 0, 2, 0, 0, 15.0, 
2, Brynn Nieukirk, 3, 9, 5, 24, .167, 0, 0, 0, 0, 1, 1, 1, 0, 0, 10.5, 
4, Taliyah Flores, 3, 0, 0, 1, .000, 1, 1, 0, 1, 13, 0, 0, 0, 0, 1.0, 
5, Alivia Fraase, 2, 0, 0, 0, .000, 1, 0, 0, 3, 8, 0, 0, 0, 0, 0.0, 
7, Lexi Ahrens, 3, 0, 1, 3, -.333, 0, 0, 0, 0, 0, 0, 0, 0, 0, 0.0, 
8, Lydia Rutten, 2, 2, 3, 10, -.100, 0, 0, 0, 0, 2, 0, 1, 1, 0, 2.5, 
9, Roosa Rautio, 3, 1, 0, 3, .333, 25, 1, 3, 0, 4, 0, 0, 0, 1, 2.0, 
12, Jordan Vail, 3, 6, 4, 22, .091, 0, 0, 0, 0, 2, 1, 2, 1, 0, 8.0, 
14, Kelly Wahl, 1, 1, 0, 2, .500, 0, 0, 1, 0, 0, 0, 3, 0, 0, 2.5, 
15, Taylor Riedl, 2, 1, 1, 4, .000, 0, 0, 0, 0, 0, 0, 0, 0, 0, 1.0, 
16, Maggie Smith, 1, 0, 0, 0, .000, 0, 0, 0, 0, 1, 0, 0, 0, 0, 0.0, 
17, Tamika Brekke, 3, 0, 0, 0, .000, 2, 1, 2, 0, 7, 0, 0, 0, 0, 1.0, 
18, Ashley Brueggeman, 3, 0, 4, 13, -.308, 0, 0, 0, 0, 0, 0, 3, 0, 0, 1.5, 
Totals, 31, 23, 113, .071, 29, 6, 7, 5, 47, 2, 12, 2, 1, 45.0, 
~
