Final, 1, 2, 3, 4, Score, 
South Dakota State (3-16, 0-6 SL), 17, 19, 25, 22, 1, 
Oral Roberts (6-12, 3-3 SL), 25, 25, 23, 25, 3, 
~
South Dakota State, 
, -- Attack --, , -- Serve --, , -- Block --, , , 
#, Player, SP, K, E, TA, K%, A, SA, SE, RE, DIGS, BS, BA, BE, BHE, PTS, 
1, Sierra Peterson, 4, 2, 4, 28, -.071, 0, 0, 0, 0, 4, 0, 2, 1, 0, 3.0, 
3, Makenzie Hennen, 4, 13, 3, 50, .200, 1, 0, 1, 1, 14, 0, 2, 0, 1, 14.0, 
4, Ashlynn Smith, 4, 11, 2, 29, .310, 0, 0, 0, 0, 3, 0, 2, 1, 0, 12.0, 
5, Kasey Brower, 4, 0, 0, 4, .000, 0, 0, 0, 1, 11, 0, 0, 0, 0, 0.0, 
7, Mattison Munger, 4, 1, 0, 3, .333, 13, 0, 0, 0, 17, 0, 0, 0, 0, 1.0, 
9, Crystal Burk, 4, 5, 7, 30, -.067, 0, 2, 3, 0, 8, 0, 0, 0, 0, 7.0, 
11, Payton Richardson, 4, 5, 0, 8, .625, 0, 0, 0, 0, 2, 3, 5, 0, 0, 10.5, 
12, Ellie Thein, 4, 1, 0, 1, 1.000, 2, 0, 1, 1, 21, 0, 0, 0, 0, 1.0, 
15, Sydney Andrews, 4, 6, 2, 19, .211, 1, 1, 1, 1, 4, 0, 2, 1, 0, 8.0, 
18, Maddie Fay, 4, 1, 0, 1, 1.000, 24, 0, 1, 0, 2, 0, 1, 0, 0, 1.5, 
Totals, 45, 18, 173, .156, 41, 3, 7, 4, 86, 3, 14, 3, 1, 58.0, 
~
Oral Roberts, 
, -- Attack --, , -- Serve --, , -- Block --, , , 
#, Player, SP, K, E, TA, K%, A, SA, SE, RE, DIGS, BS, BA, BE, BHE, PTS, 
1, Tori Roe, 4, 1, 0, 1, 1.000, 1, 1, 0, 0, 23, 0, 0, 0, 0, 2.0, 
3, Mya King, 4, 0, 0, 0, .000, 0, 0, 1, 0, 1, 0, 0, 0, 0, 0.0, 
6, Inka Inkret, 3, 7, 6, 35, .029, 3, 2, 3, 1, 12, 0, 0, 0, 0, 9.0, 
10, Bria Bergman, 4, 4, 2, 17, .118, 50, 1, 0, 0, 12, 0, 0, 1, 0, 5.0, 
11, Taylan Nero, 4, 11, 7, 30, .133, 0, 0, 0, 0, 6, 0, 4, 0, 0, 13.0, 
12, Bri Greenlee, 4, 8, 3, 21, .238, 0, 0, 0, 0, 1, 0, 7, 0, 0, 11.5, 
13, Sarah Thiessen, 4, 0, 0, 0, .000, 2, 0, 0, 0, 18, 0, 0, 0, 0, 0.0, 
14, Katarina Mikulic, 1, 6, 1, 16, .312, 0, 0, 0, 0, 3, 0, 1, 1, 0, 6.5, 
15, Morgan Blomquist, 4, 13, 5, 28, .286, 0, 0, 0, 0, 3, 0, 0, 0, 0, 13.0, 
17, CeCe Madison, 4, 16, 7, 45, .200, 2, 0, 0, 2, 18, 1, 2, 0, 0, 18.0, 
Totals, 66, 31, 193, .181, 58, 4, 4, 3, 97, 1, 14, 2, 0, 78.0, 
~
