Final, 1, 2, 3, Score, 
Wis.-Green Bay (3-4), 25, 25, 25, 3, 
South Dakota State (0-6), 15, 14, 15, 0, 
~
Wis.-Green Bay, 
, -- Attack --, , -- Serve --, , -- Block --, , , 
#, Player, SP, K, E, TA, K%, A, SA, SE, RE, DIGS, BS, BA, BE, BHE, PTS, 
1, WOLF, Taylor, 3, 21, 2, 41, .463, 1, 1, 0, 0, 9, 0, 3, 0, 0, 23.5, 
2, DORNER, Alexis, 1, 0, 0, 1, .000, 0, 0, 0, 0, 0, 0, 0, 1, 0, 0.0, 
5, EVERINGHAM, Austyn, 3, 0, 0, 0, .000, 2, 2, 2, 0, 10, 0, 0, 0, 0, 2.0, 
7, PAULUS, Kristen, 3, 4, 3, 15, .067, 0, 0, 0, 0, 2, 0, 1, 0, 0, 4.5, 
8, LAUTENSCHLAGER, 3, 0, 0, 0, .000, 0, 1, 0, 1, 5, 0, 0, 0, 0, 1.0, 
9, SLEDGE, Ashley, 3, 5, 2, 10, .300, 0, 0, 0, 0, 0, 0, 3, 1, 0, 6.5, 
10, COUGHLIN, SHANNON, 1, 0, 1, 4, -.250, 0, 0, 0, 0, 1, 0, 0, 0, 0, 0.0, 
12, BUMAN, Vanessa, 3, 0, 0, 0, .000, 0, 0, 0, 0, 17, 0, 0, 0, 0, 0.0, 
13, EATON, Anna, 3, 2, 0, 6, .333, 0, 2, 1, 0, 1, 0, 3, 0, 0, 5.5, 
14, KOERPER, Katie, 1, 0, 0, 0, .000, 0, 0, 0, 0, 1, 0, 0, 0, 0, 0.0, 
16, YOSS, Maddie, 3, 1, 0, 7, .143, 42, 1, 0, 0, 11, 0, 1, 0, 0, 2.5, 
18, ZAKUTNEY, Alex, 3, 13, 4, 27, .333, 0, 0, 0, 0, 2, 0, 1, 2, 0, 13.5, 
TM, TEAM, 1, 0, 0, 0, .000, 0, 0, 0, 1, 0, 0, 0, 0, 0, 0.0, 
Totals, 46, 12, 111, .306, 45, 7, 3, 2, 59, 0, 12, 4, 0, 59.0, 
~
South Dakota State, 
, -- Attack --, , -- Serve --, , -- Block --, , , 
#, Player, SP, K, E, TA, K%, A, SA, SE, RE, DIGS, BS, BA, BE, BHE, PTS, 
1, Sierra Peterson, 3, 6, 0, 11, .545, 0, 0, 0, 0, 1, 0, 1, 2, 0, 6.5, 
2, Kari Brucker, 3, 1, 0, 1, 1.000, 1, 1, 1, 3, 12, 0, 0, 0, 1, 2.0, 
3, Makenzie Hennen, 3, 7, 4, 35, .086, 0, 0, 0, 1, 7, 0, 1, 1, 0, 7.5, 
4, Ashlynn Smith, 3, 1, 1, 10, .000, 0, 0, 0, 0, 1, 0, 1, 1, 0, 1.5, 
5, Kasey Brower, 2, 0, 1, 1, -1.000, 0, 0, 0, 0, 3, 0, 0, 0, 0, 0.0, 
9, Crystal Burk, 3, 6, 7, 29, -.034, 0, 1, 1, 1, 4, 1, 0, 2, 0, 8.0, 
11, Payton Richardson, 3, 4, 2, 8, .250, 0, 0, 0, 0, 2, 0, 1, 0, 0, 4.5, 
12, Ellie Thein, 3, 0, 0, 6, .000, 0, 0, 0, 1, 10, 0, 0, 0, 1, 0.0, 
15, Sydney Andrews, 2, 2, 0, 5, .400, 0, 0, 1, 0, 1, 0, 0, 0, 0, 2.0, 
18, Maddie Fay, 3, 0, 1, 3, -.333, 26, 0, 1, 0, 6, 0, 2, 1, 0, 1.0, 
TM, TEAM, 1, 0, 0, 0, .000, 0, 0, 0, 1, 0, 0, 0, 0, 0, 0.0, 
Totals, 27, 16, 109, .101, 27, 2, 4, 7, 47, 1, 6, 7, 2, 33.0, 
~
