Final, 1, 2, 3, 4, 5, Score, 
Oral Roberts (3-8), 25, 27, 21, 14, 13, 2, 
Northern Ky. (8-3), 19, 25, 25, 25, 15, 3, 
~
Oral Roberts, 
, -- Attack --, , -- Serve --, , -- Block --, , , 
#, Player, SP, K, E, TA, K%, A, SA, SE, RE, DIGS, BS, BA, BE, BHE, PTS, 
1, Tori Roe, 5, 0, 0, 1, .000, 6, 1, 1, 2, 28, 0, 0, 0, 0, 1.0, 
3, Mya King, 5, 0, 0, 0, .000, 0, 1, 1, 0, 2, 0, 0, 0, 0, 1.0, 
6, Inka Inkret, 5, 0, 0, 0, .000, 4, 0, 2, 4, 10, 0, 0, 0, 0, 0.0, 
10, Bria Bergman, 5, 6, 0, 13, .462, 46, 1, 0, 2, 23, 0, 2, 0, 0, 8.0, 
11, Taylan Nero, 5, 8, 1, 19, .368, 0, 0, 0, 0, 2, 0, 4, 0, 0, 10.0, 
12, Bri Greenlee, 5, 7, 4, 20, .150, 0, 0, 0, 0, 4, 0, 5, 0, 0, 9.5, 
13, Sarah Thiessen, 5, 0, 1, 1, -1.000, 2, 0, 0, 3, 16, 0, 0, 0, 0, 0.0, 
14, Katarina Mikulic, 5, 20, 15, 80, .062, 0, 0, 1, 2, 12, 0, 2, 0, 0, 21.0, 
15, Morgan Blomquist, 5, 8, 1, 14, .500, 0, 0, 0, 0, 1, 0, 6, 0, 0, 11.0, 
16, Lara Picht, 5, 14, 3, 36, .306, 1, 0, 0, 0, 6, 0, 1, 0, 0, 14.5, 
TM, TEAM, 1, 0, 0, 0, .000, 0, 0, 0, 1, 0, 0, 0, 0, 0, 0.0, 
Totals, 63, 25, 184, .207, 59, 3, 5, 14, 104, 0, 20, 0, 0, 76.0, 
~
Northern Ky., 
, -- Attack --, , -- Serve --, , -- Block --, , , 
#, Player, SP, K, E, TA, K%, A, SA, SE, RE, DIGS, BS, BA, BE, BHE, PTS, 
2, BAGWELL, Peytton, 4, 6, 1, 21, .238, 0, 0, 0, 0, 4, 0, 5, 0, 0, 8.5, 
3, BRINKMANN, Anna, 5, 7, 7, 37, .000, 2, 1, 1, 0, 18, 0, 1, 0, 0, 8.5, 
4, LIBS, Haley, 5, 18, 2, 50, .320, 0, 1, 3, 2, 13, 0, 0, 0, 0, 19.0, 
5, WUCHERER, Miranda, 5, 8, 4, 28, .143, 23, 2, 5, 0, 13, 0, 4, 0, 1, 12.0, 
6, TERRILL, Ashton, 5, 1, 0, 1, 1.000, 5, 3, 2, 0, 23, 0, 0, 0, 0, 4.0, 
8, OLSEN, Shelby, 5, 1, 0, 1, 1.000, 28, 2, 2, 0, 9, 0, 0, 0, 0, 3.0, 
9, HARDIG, Natalie, 3, 1, 0, 3, .333, 0, 0, 0, 0, 0, 0, 3, 0, 0, 2.5, 
10, WESTERN, Bailey, 5, 14, 1, 29, .448, 0, 1, 0, 0, 0, 0, 2, 0, 0, 16.0, 
12, CRAWFORD, Laura, 5, 5, 0, 21, .238, 0, 0, 0, 0, 4, 0, 4, 0, 0, 7.0, 
14, GENTILE, Kaelin, 4, 2, 3, 13, -.077, 0, 0, 0, 0, 0, 0, 3, 1, 0, 3.5, 
15, WEBER, Maddy, 5, 0, 0, 0, .000, 0, 4, 1, 0, 1, 0, 0, 0, 0, 4.0, 
TM, TEAM, 1, 0, 0, 0, .000, 0, 0, 0, 1, 0, 0, 0, 0, 0, 0.0, 
Totals, 63, 18, 204, .221, 58, 14, 14, 3, 85, 0, 22, 1, 1, 88.0, 
~
