Final, 1, 2, 3, 4, Score, 
Oral Roberts (1-2), 25, 25, 26, 30, 3, 
North Fla. (0-3), 18, 21, 28, 28, 1, 
~
Oral Roberts, 
, -- Attack --, , -- Serve --, , -- Block --, , , 
#, Player, SP, K, E, TA, K%, A, SA, SE, RE, DIGS, BS, BA, BE, BHE, PTS, 
6, Inka Inkret, 4, 14, 6, 28, .286, 2, 0, 0, 1, 5, 0, 3, 0, 0, 15.5, 
10, Bria Bergman, 4, 6, 2, 16, .250, 51, 1, 2, 0, 8, 0, 4, 0, 0, 9.0, 
11, Taylan Nero, 4, 8, 2, 17, .353, 0, 0, 0, 0, 1, 0, 9, 0, 0, 12.5, 
15, Morgan Blomquist, 4, 8, 2, 17, .353, 1, 0, 0, 1, 0, 0, 4, 0, 0, 10.0, 
16, Lara Picht, 4, 8, 7, 26, .038, 1, 0, 0, 0, 2, 0, 2, 0, 0, 9.0, 
17, CeCe Madison, 4, 19, 8, 32, .344, 1, 1, 1, 1, 20, 0, 3, 0, 0, 21.5, 
1, Tori Roe, 4, 0, 0, 0, .000, 6, 0, 0, 1, 12, 0, 0, 0, 0, 0.0, 
14, Katarina Mikulic, 4, 4, 2, 15, .133, 0, 0, 1, 0, 5, 0, 1, 0, 0, 4.5, 
Totals, 67, 29, 151, .252, 62, 2, 4, 4, 53, 0, 26, 0, 0, 82.0, 
~
North Fla., 
, -- Attack --, , -- Serve --, , -- Block --, , , 
#, Player, SP, K, E, TA, K%, A, SA, SE, RE, DIGS, BS, BA, BE, BHE, PTS, 
1, Solimar Cestero, 4, 15, 4, 36, .306, 0, 0, 1, 0, 8, 0, 3, 1, 0, 16.5, 
7, Devyn Wheeler, 2, 3, 7, 13, -.308, 1, 0, 0, 0, 4, 0, 1, 0, 0, 3.5, 
12, Kirby Smith, 3, 2, 1, 7, .143, 0, 0, 0, 0, 0, 0, 0, 0, 0, 2.0, 
14, Alana Shoff, 4, 5, 0, 14, .357, 0, 0, 0, 0, 0, 0, 5, 3, 0, 7.5, 
17, Madilyn McCarty, 4, 1, 0, 1, 1.000, 29, 0, 0, 0, 5, 0, 1, 0, 0, 1.5, 
42, Taryn Griffey, 4, 17, 5, 31, .387, 0, 1, 3, 0, 1, 1, 3, 0, 0, 20.5, 
2, Callie Workman, 2, 0, 0, 0, .000, 0, 0, 0, 0, 0, 0, 0, 0, 0, 0.0, 
3, Gabby O'Connell, 4, 0, 0, 2, .000, 2, 1, 1, 1, 11, 0, 0, 0, 0, 1.0, 
4, Lexi Randolph, 2, 0, 0, 0, .000, 0, 0, 0, 0, 0, 0, 0, 0, 0, 0.0, 
5, Madison Donnelly, 2, 0, 0, 0, .000, 1, 0, 1, 0, 0, 0, 0, 0, 0, 0.0, 
6, Emma Dixon, 4, 7, 3, 23, .174, 0, 0, 0, 0, 1, 0, 2, 0, 0, 8.0, 
11, Charyari Ramos, 3, 0, 2, 5, -.400, 0, 0, 0, 0, 1, 0, 1, 0, 0, 0.5, 
18, Asante Lopez, 3, 7, 6, 20, .050, 1, 1, 1, 1, 7, 0, 0, 2, 0, 8.0, 
19, Kaileen Herman, 4, 0, 0, 1, .000, 20, 1, 0, 0, 8, 0, 0, 0, 0, 1.0, 
TM, TEAM, 1, 0, 0, 0, .000, 0, 0, 0, 0, 0, 0, 0, 0, 0, 0.0, 
Totals, 57, 28, 153, .190, 54, 4, 7, 2, 46, 1, 16, 6, 0, 70.0, 
~
