Final, 1, 2, 3, Score, 
Oral Roberts (2-4), 25, 25, 25, 3, 
Grambling (0-6), 15, 11, 17, 0, 
~
Oral Roberts, 
, -- Attack --, , -- Serve --, , -- Block --, , , 
#, Player, SP, K, E, TA, K%, A, SA, SE, RE, DIGS, BS, BA, BE, BHE, PTS, 
1, Tori Roe, 3, 0, 0, 0, .000, 4, 0, 1, 0, 10, 0, 0, 0, 0, 0.0, 
3, Mya King, 1, 1, 3, 7, -.286, 0, 0, 0, 0, 2, 0, 0, 0, 0, 1.0, 
6, Inka Inkret, 3, 5, 1, 15, .267, 0, 0, 1, 1, 8, 1, 2, 0, 0, 7.0, 
8, Victoria Mayes, 1, 1, 0, 1, 1.000, 0, 0, 0, 0, 0, 0, 0, 0, 0, 1.0, 
10, Bria Bergman, 3, 4, 0, 11, .364, 36, 0, 0, 0, 4, 0, 4, 0, 0, 6.0, 
11, Taylan Nero, 3, 8, 2, 12, .500, 0, 0, 0, 0, 0, 0, 3, 1, 0, 9.5, 
12, Bri Greenlee, 2, 3, 2, 7, .143, 0, 0, 0, 0, 0, 0, 2, 0, 0, 4.0, 
13, Sarah Thiessen, 3, 0, 0, 0, .000, 0, 0, 0, 0, 3, 0, 0, 0, 0, 0.0, 
14, Katarina Mikulic, 3, 0, 0, 0, .000, 0, 0, 0, 0, 8, 0, 0, 0, 0, 0.0, 
15, Morgan Blomquist, 3, 12, 0, 18, .667, 0, 0, 0, 0, 0, 0, 5, 0, 0, 14.5, 
16, Lara Picht, 3, 9, 2, 22, .318, 0, 0, 0, 0, 4, 0, 1, 0, 0, 9.5, 
17, CeCe Madison, 3, 1, 1, 3, .000, 2, 3, 3, 0, 9, 0, 1, 0, 0, 4.5, 
Totals, 44, 11, 96, .344, 42, 3, 5, 1, 48, 1, 18, 1, 0, 57.0, 
~
Grambling, 
, -- Attack --, , -- Serve --, , -- Block --, , , 
#, Player, SP, K, E, TA, K%, A, SA, SE, RE, DIGS, BS, BA, BE, BHE, PTS, 
1, Jaivieanna Jones, 3, 3, 2, 7, .143, 0, 0, 1, 0, 1, 0, 1, 1, 0, 3.5, 
2, Tamaria Johnson, 1, 1, 1, 4, .000, 0, 0, 0, 0, 0, 0, 2, 0, 0, 2.0, 
3, Sheila Borders, 3, 1, 0, 1, 1.000, 9, 0, 1, 0, 1, 0, 0, 0, 1, 1.0, 
4, L'Muriell Thrower, 3, 0, 1, 1, -1.000, 12, 1, 0, 0, 3, 0, 0, 0, 1, 1.0, 
5, Chasity Nicks, 3, 3, 5, 19, -.105, 0, 0, 0, 1, 2, 0, 0, 0, 0, 3.0, 
9, Kabria Dame, 3, 0, 0, 0, .000, 1, 0, 0, 0, 10, 0, 0, 0, 0, 0.0, 
11, Talicia Lang, 3, 2, 3, 15, -.067, 1, 0, 0, 0, 3, 0, 2, 0, 0, 3.0, 
12, Erineka Mollere, 3, 0, 0, 1, .000, 0, 0, 0, 0, 9, 0, 0, 0, 0, 0.0, 
14, Tess Reynolds, 3, 4, 3, 20, .050, 0, 0, 0, 0, 0, 0, 1, 0, 0, 4.5, 
16, Teryn Phillips, 3, 0, 0, 0, .000, 0, 0, 2, 2, 6, 0, 0, 0, 0, 0.0, 
17, Kevreion Ward, 3, 8, 4, 20, .200, 1, 0, 0, 0, 0, 0, 3, 0, 0, 9.5, 
18, Kayla Dougherty, 2, 2, 2, 8, .000, 0, 0, 0, 0, 1, 0, 3, 2, 0, 3.5, 
Totals, 24, 21, 96, .031, 24, 1, 4, 3, 36, 0, 12, 3, 2, 31.0, 
~
