Final, 1, 2, 3, 4, Score, 
Denver (1-0), 25, 22, 25, 25, 3, 
St. Mary's (Cal.) (0-1), 17, 25, 15, 15, 1, 
~
Denver, 
, -- Attack --, , -- Serve --, , -- Block --, , , 
#, Player, SP, K, E, TA, K%, A, SA, SE, RE, DIGS, BS, BA, BE, BHE, PTS, 
2, Katarina Marinkovic, 4, 14, 5, 29, .310, 3, 4, 2, 3, 5, 0, 4, 0, 0, 20.0, 
3, Andrea Eddy, 4, 0, 0, 0, .000, 16, 0, 2, 0, 3, 0, 0, 0, 1, 0.0, 
5, Olivia Novotny, 4, 0, 0, 0, .000, 8, 1, 2, 2, 17, 0, 0, 0, 0, 1.0, 
6, Ellie Anderson, 4, 2, 0, 3, .667, 16, 1, 0, 0, 15, 0, 0, 0, 1, 3.0, 
8, Becca Latham, 4, 9, 4, 21, .238, 0, 0, 0, 0, 3, 0, 3, 0, 0, 10.5, 
10, Lydia Bartalo, 4, 13, 5, 26, .308, 2, 3, 2, 1, 7, 0, 1, 0, 0, 16.5, 
12, Macy Carrabine, 3, 0, 0, 0, .000, 0, 0, 0, 1, 3, 0, 0, 0, 0, 0.0, 
13, Tina Boe, 4, 9, 0, 17, .529, 0, 0, 0, 0, 1, 0, 3, 0, 0, 10.5, 
14, Taylor Joachim, 4, 3, 3, 9, .000, 1, 0, 0, 0, 1, 0, 1, 0, 0, 3.5, 
15, Emma Willis, 4, 4, 2, 18, .111, 0, 0, 0, 1, 2, 0, 6, 1, 0, 7.0, 
16, Lauren McManus, 2, 0, 0, 0, .000, 1, 0, 0, 1, 0, 0, 0, 0, 0, 0.0, 
Totals, 54, 19, 123, .285, 47, 9, 8, 9, 57, 0, 18, 1, 2, 72.0, 
~
St. Mary's (Cal.), 
, -- Attack --, , -- Serve --, , -- Block --, , , 
#, Player, SP, K, E, TA, K%, A, SA, SE, RE, DIGS, BS, BA, BE, BHE, PTS, 
1, ASHLEY, Breyan, 2, 0, 0, 0, .000, 0, 0, 0, 0, 0, 0, 0, 0, 0, 0.0, 
2, CALVIN, Lindsey, 4, 4, 9, 28, -.179, 0, 0, 2, 1, 0, 0, 4, 0, 0, 6.0, 
3, BIBLE, Emily, 4, 0, 0, 0, .000, 0, 1, 0, 2, 6, 0, 0, 0, 0, 1.0, 
6, YOUNG, Sienna, 4, 8, 6, 21, .095, 0, 0, 0, 1, 6, 0, 0, 0, 0, 8.0, 
12, O'SULLIVAN, Alex, 4, 3, 3, 20, .000, 0, 0, 0, 0, 1, 1, 3, 0, 0, 5.5, 
14, PARKER, Alexsa, 4, 2, 1, 5, .200, 27, 2, 1, 1, 11, 0, 0, 1, 1, 4.0, 
15, CHASE, Sarah, 4, 0, 0, 0, .000, 1, 1, 1, 0, 1, 0, 0, 0, 0, 1.0, 
16, KNUDSEN, Kelsey, 4, 0, 0, 2, .000, 2, 2, 0, 3, 8, 0, 0, 0, 1, 2.0, 
17, KNUDSEN, Lindsey, 4, 12, 6, 40, .150, 2, 3, 1, 1, 8, 0, 1, 0, 0, 15.5, 
21, LAIRD, Jennifer, 4, 5, 2, 11, .273, 0, 0, 0, 0, 0, 0, 2, 0, 0, 6.0, 
Totals, 34, 27, 127, .055, 32, 9, 5, 9, 41, 1, 10, 1, 2, 49.0, 
~
