Final, 1, 2, 3, 4, 5, Score, 
Denver (19-1 (8-0)), 22, 25, 25, 23, 15, 3, 
Omaha (12-8 (7-1)), 25, 15, 10, 25, 8, 2, 
~
Denver, 
, -- Attack --, , -- Serve --, , -- Block --, , , 
#, Player, SP, K, E, TA, K%, A, SA, SE, RE, DIGS, BS, BA, BE, BHE, PTS, 
1, Graceyn Tippens, 2, 1, 0, 2, .500, 0, 0, 0, 0, 0, 0, 0, 0, 0, 1.0, 
2, Katarina Marinkovic, 5, 7, 5, 25, .080, 0, 2, 3, 1, 10, 1, 1, 0, 0, 10.5, 
3, Andrea Eddy, 5, 0, 0, 0, .000, 22, 2, 1, 0, 5, 0, 0, 0, 2, 2.0, 
6, Ellie Anderson, 5, 0, 0, 1, .000, 29, 3, 0, 0, 8, 0, 0, 0, 2, 3.0, 
7, Lauren McManus, 5, 0, 0, 0, .000, 0, 0, 0, 0, 4, 0, 0, 0, 0, 0.0, 
8, Becca Latham, 5, 17, 4, 33, .394, 0, 0, 0, 0, 1, 0, 5, 0, 0, 19.5, 
10, Lydia Bartalo, 5, 17, 5, 42, .286, 0, 2, 4, 2, 9, 0, 1, 0, 0, 19.5, 
12, Macy Carrabine, 5, 0, 0, 1, .000, 3, 2, 1, 0, 29, 0, 0, 0, 0, 2.0, 
13, Tina Boe, 5, 5, 2, 16, .188, 0, 0, 0, 1, 2, 1, 5, 0, 0, 8.5, 
14, Taylor Joachim, 5, 7, 2, 22, .227, 0, 0, 0, 0, 1, 0, 2, 0, 0, 8.0, 
15, Emma Willis, 5, 5, 3, 14, .143, 0, 0, 0, 0, 0, 0, 4, 0, 0, 7.0, 
Totals, 59, 21, 156, .244, 54, 11, 9, 4, 69, 2, 18, 0, 4, 81.0, 
~
Omaha, 
, -- Attack --, , -- Serve --, , -- Block --, , , 
#, Player, SP, K, E, TA, K%, A, SA, SE, RE, DIGS, BS, BA, BE, BHE, PTS, 
1, Courtney Morehead, 5, 0, 0, 0, .000, 0, 0, 1, 1, 10, 0, 0, 0, 0, 0.0, 
2, Giselle Eiche, 1, 0, 0, 0, .000, 0, 0, 0, 1, 2, 0, 0, 0, 0, 0.0, 
3, Abby Bergsten, 5, 7, 6, 31, .032, 0, 0, 0, 1, 2, 1, 2, 0, 0, 9.0, 
4, Jaclyn Taylor, 2, 1, 0, 2, .500, 1, 0, 0, 0, 2, 0, 0, 0, 1, 1.0, 
5, Kenzie Michalek, 5, 0, 0, 0, .000, 2, 2, 1, 3, 5, 0, 0, 0, 0, 2.0, 
6, Isabella Sade, 5, 10, 7, 35, .086, 1, 1, 1, 1, 1, 2, 2, 0, 0, 14.0, 
8, Claire Mountjoy, 5, 0, 0, 0, .000, 1, 0, 0, 2, 16, 0, 0, 0, 0, 0.0, 
10, Sadie Limback, 5, 12, 10, 36, .056, 0, 0, 2, 1, 9, 0, 1, 1, 0, 12.5, 
11, Anna Blaschko, 5, 7, 2, 13, .385, 0, 0, 0, 0, 2, 3, 1, 1, 0, 10.5, 
14, Claire Leonard, 5, 6, 6, 32, .000, 0, 0, 0, 1, 2, 0, 0, 0, 0, 6.0, 
24, Sydney Case, 5, 1, 0, 6, .167, 34, 1, 2, 0, 18, 0, 0, 0, 0, 2.0, 
Totals, 44, 31, 155, .084, 39, 4, 7, 11, 69, 6, 6, 2, 1, 57.0, 
~
