Final, 1, 2, 3, 4, Score, 
Tennessee Tech (2-1), 25, 15, 25, 25, 3, 
Western Illinois (1-1), 23, 25, 22, 12, 1, 
~
Tennessee Tech, 
, -- Attack --, , -- Serve --, , -- Block --, , , 
#, Player, SP, K, E, TA, K%, A, SA, SE, RE, DIGS, BS, BA, BE, BHE, PTS, 
3, Lauren Toledo, 3, 0, 0, 0, .000, 0, 0, 0, 0, 4, 0, 0, 0, 0, 0.0, 
6, Ali Verzani, 4, 11, 7, 33, .121, 0, 1, 2, 0, 15, 0, 2, 0, 0, 13.0, 
10, Kirsten Brugere, 4, 0, 1, 2, -.500, 1, 1, 0, 2, 23, 0, 0, 0, 0, 1.0, 
12, Jessica Oliver, 3, 0, 0, 0, .000, 0, 0, 1, 0, 0, 0, 0, 0, 0, 0.0, 
13, Taylor Dorsey, 4, 1, 3, 9, -.222, 0, 0, 0, 0, 0, 1, 0, 0, 0, 2.0, 
14, Ashley Hand, 1, 0, 0, 0, .000, 0, 0, 0, 0, 0, 0, 0, 0, 0, 0.0, 
16, Rachel Thomas, 4, 16, 5, 30, .367, 0, 0, 1, 0, 0, 1, 7, 1, 0, 20.5, 
17, Shealene Little, 2, 9, 0, 17, .529, 1, 0, 0, 0, 13, 0, 1, 0, 0, 9.5, 
18, Erica Grant, 4, 12, 11, 32, .031, 0, 0, 0, 2, 6, 0, 3, 0, 0, 13.5, 
20, Abigail Duncan, 2, 2, 4, 8, -.250, 0, 1, 1, 0, 3, 0, 0, 0, 0, 3.0, 
21, Susie Jeziorowski, 4, 1, 1, 6, .000, 47, 1, 1, 0, 4, 0, 1, 0, 3, 2.5, 
TM, TEAM, 1, 0, 0, 0, .000, 0, 0, 0, 1, 0, 0, 0, 0, 0, 0.0, 
Totals, 52, 32, 137, .146, 49, 4, 6, 5, 68, 2, 14, 1, 3, 65.0, 
~
Western Illinois, 
, -- Attack --, , -- Serve --, , -- Block --, , , 
#, Player, SP, K, E, TA, K%, A, SA, SE, RE, DIGS, BS, BA, BE, BHE, PTS, 
3, Shiah Sanders, 4, 4, 4, 19, .000, 0, 1, 0, 0, 9, 0, 3, 0, 0, 6.5, 
5, Jaime Johnson, 4, 0, 0, 7, .000, 24, 1, 1, 0, 6, 0, 0, 0, 1, 1.0, 
6, Mariah Mitchell, 3, 5, 2, 9, .333, 0, 0, 0, 0, 0, 0, 2, 0, 0, 6.0, 
7, Melanie Patenaude, 4, 11, 7, 50, .080, 1, 0, 3, 0, 6, 0, 1, 0, 0, 11.5, 
8, Claire Grove, 4, 0, 0, 0, .000, 2, 1, 0, 1, 15, 0, 0, 0, 0, 1.0, 
12, Erika Moore, 4, 0, 0, 0, .000, 0, 0, 0, 2, 4, 0, 0, 0, 0, 0.0, 
14, Cassie Hunt, 2, 1, 0, 2, .500, 7, 1, 3, 0, 0, 0, 0, 0, 1, 2.0, 
15, Mackenzie Steckler, 4, 3, 1, 7, .286, 0, 1, 1, 0, 1, 0, 2, 0, 0, 5.0, 
17, Riley Schumacher, 4, 3, 3, 9, .000, 0, 0, 0, 0, 0, 0, 5, 0, 0, 5.5, 
23, Jovana Bulatovic, 2, 1, 0, 2, .500, 0, 0, 0, 0, 1, 0, 0, 0, 0, 1.0, 
24, Emma Norris, 4, 7, 5, 26, .077, 0, 0, 2, 1, 5, 0, 1, 0, 0, 7.5, 
Totals, 35, 22, 131, .099, 34, 5, 10, 4, 47, 0, 14, 0, 2, 47.0, 
~
