Final, 1, 2, 3, 4, Score, 
North Dakota State (5-16 (3-7)), 25, 21, 25, 20, 1, 
Omaha (13-9 (8-2)), 19, 25, 27, 25, 3, 
~
North Dakota State, 
, -- Attack --, , -- Serve --, , -- Block --, , , 
#, Player, SP, K, E, TA, K%, A, SA, SE, RE, DIGS, BS, BA, BE, BHE, PTS, 
2, Allie Mauch, 4, 9, 4, 27, .185, 0, 0, 0, 0, 4, 1, 3, 0, 1, 11.5, 
4, Ally Murphy, 2, 1, 0, 4, .250, 0, 0, 0, 0, 1, 0, 0, 0, 0, 1.0, 
5, McKenzie Burke, 4, 11, 7, 43, .093, 0, 1, 1, 1, 11, 0, 0, 0, 0, 12.0, 
6, Alex Erickson, 1, 0, 0, 1, .000, 0, 0, 0, 0, 0, 0, 0, 0, 0, 0.0, 
7, Abbi Klos, 4, 0, 0, 0, .000, 2, 2, 0, 0, 29, 0, 0, 0, 0, 2.0, 
8, Bella Lien, 4, 3, 1, 14, .143, 0, 0, 0, 0, 1, 3, 5, 1, 0, 8.5, 
9, Emily Halverson, 4, 1, 5, 12, -.333, 0, 0, 1, 0, 3, 1, 1, 1, 0, 2.5, 
11, Paige Schaffer, 1, 0, 0, 0, .000, 0, 0, 0, 0, 0, 0, 0, 0, 0, 0.0, 
12, Kaylee Hanger, 4, 0, 0, 1, .000, 3, 3, 0, 0, 17, 0, 0, 0, 0, 3.0, 
13, Alexis Bachmeier, 4, 6, 10, 39, -.103, 0, 5, 1, 0, 11, 1, 2, 0, 0, 13.0, 
16, Kalli Hegerle, 4, 4, 1, 12, .250, 30, 1, 0, 0, 7, 0, 1, 0, 1, 5.5, 
Totals, 35, 28, 153, .046, 35, 12, 3, 1, 84, 6, 12, 2, 2, 59.0, 
~
Omaha, 
, -- Attack --, , -- Serve --, , -- Block --, , , 
#, Player, SP, K, E, TA, K%, A, SA, SE, RE, DIGS, BS, BA, BE, BHE, PTS, 
1, Courtney Morehead, 4, 0, 0, 0, .000, 0, 0, 1, 1, 16, 0, 0, 0, 0, 0.0, 
2, Giselle Eiche, 3, 0, 0, 0, .000, 0, 0, 3, 0, 0, 0, 0, 0, 0, 0.0, 
3, Abby Bergsten, 4, 12, 6, 35, .171, 0, 0, 0, 2, 2, 0, 2, 0, 0, 13.0, 
5, Kenzie Michalek, 4, 0, 0, 0, .000, 1, 0, 2, 4, 13, 0, 0, 0, 0, 0.0, 
6, Isabella Sade, 4, 23, 4, 38, .500, 0, 0, 1, 0, 2, 1, 3, 0, 0, 25.5, 
8, Claire Mountjoy, 4, 0, 0, 0, .000, 0, 0, 1, 1, 27, 0, 0, 0, 0, 0.0, 
10, Sadie Limback, 4, 15, 7, 47, .170, 0, 0, 3, 2, 7, 0, 3, 1, 0, 16.5, 
11, Anna Blaschko, 4, 5, 3, 21, .095, 0, 0, 0, 0, 0, 0, 5, 0, 0, 7.5, 
14, Claire Leonard, 4, 7, 6, 31, .032, 0, 0, 0, 1, 3, 0, 0, 0, 0, 7.0, 
24, Sydney Case, 4, 0, 3, 8, -.375, 54, 1, 2, 0, 12, 0, 3, 0, 1, 2.5, 
TM, TEAM, 1, 0, 0, 0, .000, 0, 0, 0, 1, 0, 0, 0, 0, 0, 0.0, 
Totals, 62, 29, 180, .183, 55, 1, 13, 12, 82, 1, 16, 1, 1, 72.0, 
~
