Final, 1, 2, 3, 4, 5, Score, 
Western Illinois (1-19, 0-7), 25, 14, 21, 27, 14, 2, 
South Dakota State (4-16, 1-6), 22, 25, 25, 25, 16, 3, 
~
Western Illinois, 
, -- Attack --, , -- Serve --, , -- Block --, , , 
#, Player, SP, K, E, TA, K%, A, SA, SE, RE, DIGS, BS, BA, BE, BHE, PTS, 
3, Shiah Sanders, 4, 9, 2, 19, .368, 3, 3, 0, 0, 5, 0, 2, 0, 0, 13.0, 
5, Jaime Johnson, 5, 5, 3, 12, .167, 36, 1, 2, 0, 9, 0, 0, 0, 1, 6.0, 
6, Mariah Mitchell, 2, 4, 2, 13, .154, 0, 0, 0, 0, 0, 0, 2, 0, 0, 5.0, 
7, Melanie Patenaude, 5, 3, 11, 41, -.195, 3, 2, 3, 0, 12, 0, 1, 0, 0, 5.5, 
8, Claire Grove, 5, 0, 0, 0, .000, 1, 3, 4, 0, 18, 0, 0, 0, 0, 3.0, 
9, Kaylee Woodard, 2, 0, 0, 0, .000, 0, 0, 0, 0, 2, 0, 0, 0, 0, 0.0, 
12, Erika Moore, 2, 0, 0, 0, .000, 0, 0, 0, 0, 7, 0, 0, 0, 0, 0.0, 
15, Mackenzie Steckler, 5, 6, 3, 14, .214, 0, 0, 1, 0, 1, 0, 5, 1, 0, 8.5, 
17, Riley Schumacher, 1, 0, 1, 2, -.500, 0, 0, 0, 0, 0, 0, 0, 0, 0, 0.0, 
21, Madeline Dieter, 4, 8, 3, 17, .294, 0, 0, 0, 0, 2, 0, 1, 0, 0, 8.5, 
23, Jovana Bulatovic, 2, 2, 2, 5, .000, 0, 0, 0, 0, 0, 0, 0, 0, 0, 2.0, 
24, Emma Norris, 5, 11, 3, 28, .286, 1, 1, 1, 3, 9, 0, 1, 0, 0, 12.5, 
Totals, 48, 30, 151, .119, 44, 10, 11, 3, 65, 0, 12, 1, 1, 64.0, 
~
South Dakota State, 
, -- Attack --, , -- Serve --, , -- Block --, , , 
#, Player, SP, K, E, TA, K%, A, SA, SE, RE, DIGS, BS, BA, BE, BHE, PTS, 
1, Sierra Peterson, 5, 8, 7, 25, .040, 0, 0, 0, 0, 1, 0, 6, 0, 0, 11.0, 
2, Kari Brucker, 2, 0, 0, 0, .000, 0, 0, 0, 0, 0, 0, 0, 0, 0, 0.0, 
3, Makenzie Hennen, 5, 18, 8, 43, .233, 1, 0, 2, 3, 18, 2, 2, 0, 0, 21.0, 
4, Ashlynn Smith, 5, 10, 4, 31, .194, 0, 0, 0, 0, 1, 0, 2, 0, 0, 11.0, 
5, Kasey Brower, 1, 0, 0, 2, .000, 0, 0, 0, 2, 1, 0, 0, 0, 0, 0.0, 
7, Mattison Munger, 5, 1, 0, 3, .333, 23, 0, 1, 0, 5, 0, 0, 0, 0, 1.0, 
9, Crystal Burk, 5, 16, 8, 38, .211, 4, 0, 3, 3, 16, 1, 1, 1, 0, 17.5, 
11, Payton Richardson, 5, 6, 1, 12, .417, 0, 0, 0, 0, 2, 3, 4, 0, 0, 11.0, 
12, Ellie Thein, 5, 0, 0, 1, .000, 4, 1, 2, 2, 12, 0, 0, 0, 0, 1.0, 
15, Sydney Andrews, 5, 7, 1, 12, .500, 1, 0, 2, 0, 2, 0, 7, 0, 0, 10.5, 
18, Maddie Fay, 5, 2, 0, 2, 1.000, 31, 2, 2, 0, 4, 0, 0, 0, 2, 4.0, 
Totals, 68, 29, 169, .231, 64, 3, 12, 10, 62, 6, 22, 1, 2, 88.0, 
~
