Final, 1, 2, 3, Score, 
Omaha (0-3), 31, 19, 23, 0, 
Houston (3-0), 33, 25, 25, 3, 
~
Omaha, 
, -- Attack --, , -- Serve --, , -- Block --, , , 
#, Player, SP, K, E, TA, K%, A, SA, SE, RE, DIGS, BS, BA, BE, BHE, PTS, 
1, Courtney Morehead, 3, 0, 0, 0, .000, 0, 1, 2, 0, 4, 0, 0, 0, 0, 1.0, 
3, Abby Bergsten, 3, 8, 1, 21, .333, 1, 0, 0, 1, 4, 0, 1, 0, 0, 8.5, 
5, Kenzie Michalek, 3, 0, 0, 0, .000, 0, 0, 1, 0, 4, 0, 0, 0, 0, 0.0, 
6, Isabella Sade, 3, 6, 2, 16, .250, 0, 1, 2, 0, 0, 1, 1, 1, 0, 8.5, 
8, Claire Mountjoy, 3, 0, 0, 0, .000, 2, 0, 1, 3, 10, 0, 0, 0, 0, 0.0, 
10, Sadie Limback, 3, 8, 4, 16, .250, 0, 0, 0, 0, 2, 0, 2, 0, 0, 9.0, 
11, Anna Blaschko, 3, 4, 3, 12, .083, 0, 0, 0, 0, 0, 0, 2, 2, 0, 5.0, 
14, Claire Leonard, 3, 7, 6, 24, .042, 0, 0, 0, 0, 1, 0, 0, 0, 0, 7.0, 
16, Maggie Meyer, 3, 2, 0, 4, .500, 0, 0, 2, 1, 5, 0, 0, 0, 0, 2.0, 
24, Sydney Case, 3, 1, 0, 2, .500, 32, 1, 5, 0, 5, 0, 0, 0, 0, 2.0, 
TM, TEAM, 2, 0, 0, 0, .000, 0, 0, 0, 1, 0, 0, 0, 0, 0, 0.0, 
Totals, 36, 16, 95, .211, 35, 3, 13, 6, 35, 1, 6, 3, 0, 43.0, 
~
Houston, 
, -- Attack --, , -- Serve --, , -- Block --, , , 
#, Player, SP, K, E, TA, K%, A, SA, SE, RE, DIGS, BS, BA, BE, BHE, PTS, 
1, KARSTEN, Claire, 3, 1, 0, 6, .167, 0, 0, 0, 0, 1, 0, 1, 2, 0, 1.5, 
6, WALKER, Chenelle, 3, 4, 3, 10, .100, 0, 0, 0, 0, 0, 0, 4, 1, 0, 6.0, 
7, IRVINE, Abby, 3, 0, 0, 1, .000, 19, 0, 1, 0, 6, 0, 0, 0, 1, 0.0, 
8, KARBO, Karbo, 3, 0, 0, 0, .000, 2, 0, 2, 2, 13, 0, 0, 0, 0, 0.0, 
9, SQUIER, Faith, 1, 0, 1, 2, -.500, 0, 0, 0, 0, 0, 0, 0, 0, 0, 0.0, 
11, KREBS, Katie, 3, 0, 0, 0, .000, 22, 2, 1, 0, 4, 0, 0, 0, 1, 2.0, 
12, DUNCAN, Megan, 3, 16, 7, 33, .273, 0, 0, 4, 0, 5, 0, 2, 0, 0, 17.0, 
13, PERTENS, Silvia, 3, 8, 2, 19, .316, 0, 1, 0, 0, 0, 0, 1, 0, 0, 9.5, 
16, HAYWOOD, Kendall, 3, 10, 2, 17, .471, 0, 2, 3, 0, 2, 1, 2, 0, 0, 14.0, 
18, RUSSELL, Jordan, 1, 0, 0, 0, .000, 0, 0, 0, 0, 0, 0, 1, 0, 0, 0.5, 
19, ZELAYA, Gabi, 3, 9, 4, 22, .227, 1, 1, 0, 1, 4, 0, 1, 0, 0, 10.5, 
20, NAPOLEON, Kylie, 3, 0, 0, 0, .000, 0, 0, 0, 0, 3, 0, 0, 0, 0, 0.0, 
Totals, 48, 19, 110, .264, 44, 6, 11, 3, 38, 1, 12, 3, 2, 61.0, 
~
