Final, 1, 2, 3, Score, 
North Dakota (6-7), 23, 21, 20, 0, 
South Fla. (9-1), 25, 25, 25, 3, 
~
North Dakota, 
, -- Attack --, , -- Serve --, , -- Block --, , , 
#, Player, SP, K, E, TA, K%, A, SA, SE, RE, DIGS, BS, BA, BE, BHE, PTS, 
0, Kayla Williams, 3, 11, 5, 31, .194, 1, 1, 0, 1, 13, 0, 1, 0, 0, 12.5, 
2, Brynn Nieukirk, 3, 10, 3, 31, .226, 0, 0, 0, 0, 5, 0, 0, 1, 0, 10.0, 
4, Taliyah Flores, 3, 0, 0, 1, .000, 3, 0, 0, 1, 18, 0, 0, 0, 0, 0.0, 
5, Alivia Fraase, 3, 0, 0, 0, .000, 1, 0, 0, 1, 7, 0, 0, 0, 0, 0.0, 
8, Lydia Rutten, 3, 2, 0, 12, .167, 1, 0, 1, 0, 2, 0, 1, 1, 0, 2.5, 
9, Roosa Rautio, 3, 3, 0, 13, .231, 29, 3, 2, 0, 4, 0, 1, 0, 1, 6.5, 
12, Jordan Vail, 3, 6, 4, 18, .111, 0, 0, 0, 0, 1, 1, 2, 1, 0, 8.0, 
14, Kelly Wahl, 1, 0, 0, 1, .000, 0, 0, 0, 0, 0, 0, 0, 0, 0, 0.0, 
15, Taylor Riedl, 1, 1, 0, 3, .333, 0, 0, 0, 0, 1, 1, 0, 0, 0, 2.0, 
16, Maggie Smith, 1, 0, 0, 0, .000, 0, 0, 0, 0, 0, 0, 0, 0, 0, 0.0, 
17, Tamika Brekke, 3, 0, 0, 0, .000, 1, 0, 0, 0, 7, 0, 0, 0, 0, 0.0, 
18, Ashley Brueggeman, 3, 7, 1, 21, .286, 0, 0, 0, 0, 0, 0, 1, 1, 0, 7.5, 
Totals, 40, 13, 131, .206, 36, 4, 3, 3, 58, 2, 6, 4, 1, 49.0, 
~
South Fla., 
, -- Attack --, , -- Serve --, , -- Block --, , , 
#, Player, SP, K, E, TA, K%, A, SA, SE, RE, DIGS, BS, BA, BE, BHE, PTS, 
1, PAYNE, Clara, 3, 4, 2, 19, .105, 1, 0, 1, 0, 2, 1, 0, 0, 0, 5.0, 
2, MCLAMB, Maria, 1, 0, 0, 0, .000, 1, 0, 0, 0, 1, 0, 0, 0, 0, 0.0, 
4, CLAUSEN, CC, 3, 0, 0, 0, .000, 9, 1, 1, 0, 20, 0, 0, 0, 0, 1.0, 
5, BROWN, Jaeden, 3, 8, 4, 17, .235, 0, 0, 0, 0, 0, 0, 3, 0, 0, 9.5, 
6, WALKER, Jac'cara, 3, 19, 0, 32, .594, 0, 0, 1, 2, 10, 0, 0, 0, 0, 19.0, 
8, THOMPSON, Peyton, 1, 0, 0, 1, .000, 0, 0, 0, 1, 0, 0, 0, 0, 0, 0.0, 
9, LABECK, Lauren, 1, 0, 0, 0, .000, 4, 0, 0, 0, 0, 0, 0, 0, 0, 0.0, 
11, RIBAS, Faby, 3, 0, 0, 1, .000, 0, 1, 0, 0, 11, 0, 0, 0, 0, 1.0, 
13, MUSEMUNA, Nyemba, 3, 6, 1, 11, .455, 0, 0, 0, 0, 0, 0, 3, 0, 0, 7.5, 
15, BENITEZ, Nikkia, 3, 11, 4, 29, .241, 0, 0, 0, 0, 8, 1, 0, 0, 0, 12.0, 
16, RICHESON, Sydney, 1, 0, 0, 0, .000, 0, 0, 0, 0, 0, 0, 0, 0, 0, 0.0, 
19, PLIAPOL, Lindsey, 3, 3, 2, 11, .091, 0, 0, 0, 0, 4, 0, 0, 0, 0, 3.0, 
20, LEGG, Nicole, 1, 1, 0, 1, 1.000, 0, 0, 0, 0, 0, 0, 0, 0, 0, 1.0, 
22, DAVEY, Reagan, 1, 0, 1, 2, -.500, 0, 0, 1, 0, 0, 0, 0, 0, 0, 0.0, 
33, STOWELL, Briana, 3, 2, 1, 9, .111, 38, 1, 0, 0, 13, 0, 0, 0, 0, 3.0, 
TM, TEAM, 2, 0, 0, 0, .000, 0, 0, 0, 1, 0, 0, 0, 0, 0, 0.0, 
Totals, 54, 15, 133, .293, 53, 3, 4, 4, 69, 2, 6, 0, 0, 62.0, 
~
