Final, 1, 2, 3, Score, 
South Dakota State (3-13, 0-3 SL), 15, 20, 17, 0, 
North Dakota State (3-12, 1-3 SL), 25, 25, 25, 3, 
~
South Dakota State, 
, -- Attack --, , -- Serve --, , -- Block --, , , 
#, Player, SP, K, E, TA, K%, A, SA, SE, RE, DIGS, BS, BA, BE, BHE, PTS, 
1, Sierra Peterson, 3, 9, 5, 27, .148, 0, 0, 0, 0, 0, 0, 2, 0, 0, 10.0, 
2, Kari Brucker, 2, 0, 0, 0, .000, 0, 1, 0, 1, 1, 0, 0, 0, 0, 1.0, 
3, Makenzie Hennen, 3, 6, 5, 29, .034, 0, 0, 0, 3, 5, 0, 0, 0, 0, 6.0, 
4, Ashlynn Smith, 3, 9, 3, 23, .261, 1, 2, 0, 0, 8, 1, 0, 0, 0, 12.0, 
5, Kasey Brower, 1, 0, 0, 0, .000, 1, 0, 0, 0, 0, 0, 0, 0, 0, 0.0, 
7, Mattison Munger, 2, 0, 0, 0, .000, 4, 1, 0, 0, 0, 0, 0, 0, 0, 1.0, 
9, Crystal Burk, 3, 2, 0, 4, .500, 0, 0, 0, 1, 1, 0, 0, 0, 0, 2.0, 
11, Payton Richardson, 3, 3, 5, 13, -.154, 0, 0, 0, 0, 0, 1, 1, 0, 0, 4.5, 
12, Ellie Thein, 3, 0, 0, 1, .000, 1, 0, 0, 1, 11, 0, 0, 0, 0, 0.0, 
15, Sydney Andrews, 3, 3, 4, 13, -.077, 0, 0, 0, 0, 3, 1, 1, 1, 0, 4.5, 
18, Maddie Fay, 3, 0, 1, 3, -.333, 24, 0, 1, 0, 6, 0, 0, 0, 0, 0.0, 
Totals, 32, 23, 113, .080, 31, 4, 1, 6, 35, 3, 4, 1, 0, 41.0, 
~
North Dakota State, 
, -- Attack --, , -- Serve --, , -- Block --, , , 
#, Player, SP, K, E, TA, K%, A, SA, SE, RE, DIGS, BS, BA, BE, BHE, PTS, 
2, Allie Mauch, 3, 9, 1, 14, .571, 1, 0, 0, 0, 2, 0, 1, 0, 0, 9.5, 
4, Ally Murphy, 1, 0, 0, 0, .000, 0, 0, 0, 0, 0, 0, 0, 0, 0, 0.0, 
5, McKenzie Burke, 3, 13, 1, 27, .444, 1, 0, 0, 3, 5, 0, 0, 0, 0, 13.0, 
6, Alex Erickson, 2, 1, 1, 4, .000, 0, 0, 1, 0, 1, 0, 0, 0, 0, 1.0, 
7, Abbi Klos, 3, 0, 0, 0, .000, 2, 2, 1, 1, 14, 0, 0, 0, 0, 2.0, 
8, Bella Lien, 3, 3, 1, 8, .250, 0, 0, 0, 0, 3, 0, 5, 0, 0, 5.5, 
9, Emily Halverson, 3, 5, 2, 9, .333, 0, 2, 0, 0, 3, 2, 1, 0, 0, 9.5, 
10, Maggie Steffen, 1, 2, 1, 5, .200, 0, 0, 0, 0, 1, 0, 0, 0, 0, 2.0, 
11, Paige Schaffer, 1, 0, 0, 0, .000, 0, 0, 0, 0, 0, 0, 0, 0, 0, 0.0, 
12, Kaylee Hanger, 3, 0, 0, 1, .000, 0, 0, 0, 0, 8, 0, 0, 0, 0, 0.0, 
13, Alexis Bachmeier, 3, 7, 3, 22, .182, 1, 1, 0, 0, 6, 0, 5, 0, 0, 10.5, 
16, Kalli Hegerle, 3, 4, 1, 6, .500, 36, 1, 2, 0, 9, 0, 0, 1, 0, 5.0, 
TM, TEAM, 1, 0, 0, 0, .000, 0, 0, 0, 0, 0, 0, 0, 0, 0, 0.0, 
Totals, 44, 11, 96, .344, 41, 6, 4, 4, 52, 2, 12, 1, 0, 58.0, 
~
