Final, 1, 2, 3, 4, 5, Score, 
North Dakota (5-3), 25, 15, 25, 19, 15, 3, 
Troy (4-3), 20, 25, 22, 25, 12, 2, 
~
North Dakota, 
, -- Attack --, , -- Serve --, , -- Block --, , , 
#, Player, SP, K, E, TA, K%, A, SA, SE, RE, DIGS, BS, BA, BE, BHE, PTS, 
0, Kayla Williams, 5, 12, 6, 40, .150, 1, 0, 2, 2, 12, 0, 5, 0, 0, 14.5, 
2, Brynn Nieukirk, 5, 12, 5, 40, .175, 0, 0, 0, 0, 1, 0, 2, 1, 0, 13.0, 
4, Taliyah Flores, 5, 0, 0, 2, .000, 2, 1, 1, 1, 17, 0, 0, 0, 0, 1.0, 
5, Alivia Fraase, 5, 0, 0, 0, .000, 1, 0, 1, 0, 9, 0, 0, 0, 0, 0.0, 
7, Lexi Ahrens, 5, 4, 2, 15, .133, 1, 0, 0, 0, 2, 0, 6, 0, 0, 7.0, 
9, Roosa Rautio, 5, 0, 0, 2, .000, 43, 1, 0, 0, 12, 0, 1, 0, 2, 1.5, 
12, Jordan Vail, 5, 14, 2, 23, .522, 0, 0, 0, 0, 0, 0, 6, 1, 0, 17.0, 
16, Maggie Smith, 1, 0, 0, 0, .000, 0, 0, 0, 0, 0, 0, 0, 0, 0, 0.0, 
17, Tamika Brekke, 5, 0, 0, 0, .000, 2, 1, 0, 3, 11, 0, 0, 0, 0, 1.0, 
18, Ashley Brueggeman, 5, 12, 5, 33, .212, 0, 0, 0, 0, 3, 0, 4, 0, 0, 14.0, 
TM, TEAM, 1, 0, 0, 0, .000, 0, 0, 0, 1, 0, 0, 0, 0, 0, 0.0, 
Totals, 54, 20, 155, .219, 50, 3, 4, 7, 67, 0, 24, 2, 2, 69.0, 
~
Troy, 
, -- Attack --, , -- Serve --, , -- Block --, , , 
#, Player, SP, K, E, TA, K%, A, SA, SE, RE, DIGS, BS, BA, BE, BHE, PTS, 
3, Cheyenne Hayes, 5, 21, 7, 50, .280, 0, 0, 3, 2, 17, 0, 0, 0, 0, 21.0, 
5, Saragrace Wilson, 5, 0, 0, 0, .000, 1, 2, 5, 1, 5, 0, 0, 0, 0, 2.0, 
6, Amara Anderson, 5, 2, 0, 9, .222, 61, 1, 0, 0, 12, 0, 5, 0, 0, 5.5, 
9, Lacey Jeffcoat, 5, 2, 0, 2, 1.000, 4, 1, 1, 0, 16, 0, 0, 0, 0, 3.0, 
10, Belle Waldrop, 5, 20, 7, 48, .271, 0, 0, 0, 0, 2, 0, 1, 0, 0, 20.5, 
11, Logan Page, 5, 5, 3, 14, .143, 0, 0, 0, 0, 0, 0, 2, 0, 0, 6.0, 
13, Jenni Young, 5, 14, 4, 34, .294, 1, 0, 0, 0, 3, 0, 3, 0, 0, 15.5, 
14, Isabella Mitchell, 5, 0, 0, 0, .000, 1, 2, 4, 0, 6, 0, 0, 0, 0, 2.0, 
16, Savannah Moore, 5, 7, 6, 22, .045, 0, 0, 1, 0, 2, 1, 6, 0, 0, 11.0, 
17, Natalie Hummel, 5, 0, 0, 0, .000, 0, 1, 0, 0, 3, 0, 0, 0, 0, 1.0, 
Totals, 71, 27, 179, .246, 68, 7, 14, 3, 66, 1, 17, 0, 0, 87.5, 
~
