Final, 1, 2, 3, Score, 
Ark.-Pine Bluff (1-7), 16, 17, 21, 0, 
South Dakota (6-1), 25, 25, 25, 3, 
~
Ark.-Pine Bluff, 
, -- Attack --, , -- Serve --, , -- Block --, , , 
#, Player, SP, K, E, TA, K%, A, SA, SE, RE, DIGS, BS, BA, BE, BHE, PTS, 
2, Charm Henderson, 3, 3, 2, 19, .053, 0, 0, 0, 4, 5, 0, 2, 0, 0, 4.0, 
3, Charis Adefolarim, 3, 14, 0, 16, .875, 0, 1, 3, 0, 1, 0, 1, 0, 0, 15.5, 
5, Cheyenne Odgers, 3, 0, 0, 0, .000, 1, 0, 0, 0, 6, 0, 0, 0, 0, 0.0, 
6, Jenna Wuzinski, 3, 0, 0, 0, .000, 1, 0, 0, 1, 3, 0, 0, 0, 0, 0.0, 
7, Kaitlyn Hapke, 2, 1, 0, 1, 1.000, 0, 0, 0, 0, 0, 0, 0, 0, 0, 1.0, 
8, Britney Sahlmann, 3, 2, 0, 6, .333, 22, 0, 0, 0, 14, 0, 1, 0, 0, 2.5, 
10, Kendalle Howard, 3, 7, 10, 29, -.103, 1, 0, 0, 1, 21, 0, 0, 0, 0, 7.0, 
12, Kaylyn Brown, 3, 1, 1, 8, .000, 0, 0, 0, 0, 1, 0, 3, 0, 0, 2.5, 
14, Haley Gomez, 3, 1, 6, 26, -.192, 0, 1, 2, 0, 2, 0, 1, 0, 0, 2.5, 
TM, TEAM, 1, 0, 0, 0, .000, 0, 0, 0, 1, 0, 0, 0, 0, 0, 0.0, 
Totals, 29, 19, 105, .095, 25, 2, 5, 7, 53, 0, 8, 0, 0, 35.0, 
~
South Dakota, 
, -- Attack --, , -- Serve --, , -- Block --, , , 
#, Player, SP, K, E, TA, K%, A, SA, SE, RE, DIGS, BS, BA, BE, BHE, PTS, 
2, Claire Gerdes, 1, 1, 0, 4, .250, 0, 0, 0, 0, 1, 0, 1, 0, 0, 1.5, 
3, Taylor Wilson, 3, 7, 1, 10, .600, 0, 2, 0, 0, 5, 0, 1, 0, 0, 9.5, 
4, Madison Jurgens, 3, 2, 2, 6, .000, 32, 2, 1, 0, 9, 0, 3, 0, 3, 5.5, 
6, Hayley Dotseth, 3, 12, 5, 39, .179, 0, 0, 2, 1, 14, 0, 1, 0, 0, 12.5, 
8, Lauren Sauer, 2, 0, 0, 0, .000, 0, 0, 0, 0, 6, 0, 0, 0, 0, 0.0, 
9, Kristina Susak, 3, 5, 1, 17, .235, 0, 0, 0, 0, 1, 0, 0, 0, 0, 5.0, 
12, Elizabeth Loschen, 3, 7, 2, 26, .192, 0, 0, 0, 0, 3, 0, 0, 0, 0, 7.0, 
14, Lolo Weideman, 2, 3, 1, 6, .333, 0, 1, 0, 0, 0, 0, 0, 0, 0, 4.0, 
15, Anne Rasmussen, 3, 0, 0, 0, .000, 7, 1, 0, 1, 13, 0, 0, 0, 0, 1.0, 
16, Mehana Fonseca, 3, 0, 0, 0, .000, 0, 1, 1, 0, 2, 0, 0, 0, 0, 1.0, 
17, Emily Grathoff, 2, 6, 1, 12, .417, 0, 0, 0, 0, 0, 0, 2, 0, 0, 7.0, 
Totals, 43, 13, 120, .250, 39, 7, 4, 2, 54, 0, 8, 0, 3, 54.0, 
~
