Final, 1, 2, 3, 4, Score, 
Oral Roberts (5-12 (2-3)), 25, 25, 10, 25, 3, 
Western Illinois (1-18 (0-6)), 20, 21, 25, 12, 1, 
~
Oral Roberts, 
, -- Attack --, , -- Serve --, , -- Block --, , , 
#, Player, SP, K, E, TA, K%, A, SA, SE, RE, DIGS, BS, BA, BE, BHE, PTS, 
1, Tori Roe, 4, 0, 0, 0, .000, 2, 2, 1, 2, 19, 0, 0, 0, 0, 2.0, 
3, Mya King, 2, 0, 0, 0, .000, 0, 0, 1, 0, 0, 0, 0, 0, 0, 0.0, 
6, Inka Inkret, 4, 11, 2, 25, .360, 0, 1, 3, 1, 7, 0, 2, 0, 0, 13.0, 
8, Victoria Mayes, 1, 0, 0, 0, .000, 0, 0, 0, 0, 0, 0, 0, 0, 0, 0.0, 
10, Bria Bergman, 4, 2, 1, 6, .167, 37, 1, 0, 0, 8, 0, 2, 0, 1, 4.0, 
11, Taylan Nero, 1, 3, 1, 6, .333, 0, 0, 0, 0, 2, 0, 2, 0, 0, 4.0, 
12, Bri Greenlee, 4, 7, 1, 14, .429, 0, 0, 0, 0, 1, 4, 7, 1, 0, 14.5, 
13, Sarah Thiessen, 1, 0, 0, 0, .000, 0, 0, 0, 0, 5, 0, 0, 0, 0, 0.0, 
14, Katarina Mikulic, 4, 5, 1, 17, .235, 1, 0, 2, 1, 5, 1, 0, 0, 0, 6.0, 
15, Morgan Blomquist, 4, 5, 2, 12, .250, 0, 0, 0, 0, 2, 0, 2, 0, 0, 6.0, 
16, Lara Picht, 3, 7, 3, 18, .222, 0, 0, 0, 0, 3, 0, 2, 0, 0, 8.0, 
17, CeCe Madison, 3, 5, 6, 28, -.036, 0, 0, 0, 1, 8, 0, 1, 0, 0, 5.5, 
TM, TEAM, 1, 0, 0, 0, .000, 0, 0, 0, 2, 0, 0, 0, 0, 0, 0.0, 
Totals, 45, 17, 126, .222, 40, 4, 7, 7, 60, 5, 18, 1, 1, 63.0, 
~
Western Illinois, 
, -- Attack --, , -- Serve --, , -- Block --, , , 
#, Player, SP, K, E, TA, K%, A, SA, SE, RE, DIGS, BS, BA, BE, BHE, PTS, 
3, Shiah Sanders, 4, 10, 6, 30, .133, 1, 0, 0, 0, 8, 0, 4, 0, 0, 12.0, 
5, Jaime Johnson, 4, 3, 3, 9, .000, 36, 0, 1, 0, 6, 0, 0, 0, 0, 3.0, 
6, Mariah Mitchell, 2, 1, 1, 3, .000, 0, 0, 0, 0, 0, 0, 0, 0, 0, 1.0, 
7, Melanie Patenaude, 4, 11, 7, 33, .121, 0, 2, 4, 1, 12, 1, 3, 0, 0, 15.5, 
8, Claire Grove, 4, 0, 0, 0, .000, 1, 2, 2, 0, 21, 0, 0, 0, 0, 2.0, 
9, Kaylee Woodard, 2, 0, 0, 0, .000, 1, 0, 0, 0, 1, 0, 0, 0, 0, 0.0, 
12, Erika Moore, 2, 0, 0, 0, .000, 0, 0, 0, 0, 4, 0, 0, 0, 0, 0.0, 
14, Cassie Hunt, 2, 0, 0, 1, .000, 0, 0, 0, 0, 0, 0, 0, 0, 0, 0.0, 
15, Mackenzie Steckler, 4, 9, 6, 22, .136, 0, 0, 0, 0, 1, 1, 5, 0, 0, 12.5, 
17, Riley Schumacher, 4, 3, 2, 11, .091, 0, 0, 1, 0, 1, 0, 3, 1, 0, 4.5, 
24, Emma Norris, 4, 9, 2, 32, .219, 1, 3, 1, 1, 5, 0, 1, 0, 0, 12.5, 
TM, TEAM, 2, 0, 0, 0, .000, 0, 0, 0, 2, 0, 0, 0, 0, 0, 0.0, 
Totals, 46, 27, 141, .135, 40, 7, 9, 4, 59, 2, 16, 1, 0, 63.0, 
~
