Final, 1, 2, 3, 4, Score, 
South Dakota (0-1), 16, 25, 20, 20, 1, 
Northwestern (1-0), 25, 20, 25, 25, 3, 
~
South Dakota, 
, -- Attack --, , -- Serve --, , -- Block --, , , 
#, Player, SP, K, E, TA, K%, A, SA, SE, RE, DIGS, BS, BA, BE, BHE, PTS, 
3, Taylor Wilson, 4, 10, 1, 19, .474, 0, 1, 1, 0, 0, 0, 4, 1, 0, 13.0, 
4, Madison Jurgens, 4, 3, 1, 9, .222, 30, 1, 1, 0, 7, 0, 2, 1, 1, 5.0, 
5, Jenna Wagemester, 4, 5, 4, 29, .034, 1, 0, 0, 0, 0, 0, 3, 0, 0, 6.5, 
6, Hayley Dotseth, 4, 9, 11, 50, -.040, 2, 2, 2, 1, 12, 0, 1, 0, 0, 11.5, 
8, Lauren Sauer, 4, 0, 0, 0, .000, 1, 0, 0, 2, 12, 0, 0, 0, 0, 0.0, 
9, Kristina Susak, 2, 2, 0, 3, .667, 0, 0, 0, 0, 1, 0, 0, 0, 0, 2.0, 
12, Elizabeth Loschen, 4, 8, 4, 22, .182, 1, 0, 0, 0, 1, 0, 4, 1, 0, 10.0, 
14, Lolo Weideman, 3, 0, 0, 0, .000, 0, 0, 0, 0, 1, 0, 0, 0, 0, 0.0, 
15, Anne Rasmussen, 4, 0, 0, 1, .000, 1, 0, 0, 2, 19, 0, 0, 0, 0, 0.0, 
16, Mehana Fonseca, 4, 0, 0, 0, .000, 0, 2, 0, 1, 11, 0, 0, 0, 0, 2.0, 
17, Emily Grathoff, 4, 2, 3, 12, -.083, 0, 0, 0, 0, 0, 1, 6, 0, 0, 6.0, 
TM, TEAM, 1, 0, 0, 0, .000, 0, 0, 0, 3, 0, 0, 0, 0, 0, 0.0, 
Totals, 39, 24, 145, .103, 36, 6, 4, 9, 64, 1, 20, 3, 1, 56.0, 
~
Northwestern, 
, -- Attack --, , -- Serve --, , -- Block --, , , 
#, Player, SP, K, E, TA, K%, A, SA, SE, RE, DIGS, BS, BA, BE, BHE, PTS, 
1, Michelle Lee, 4, 0, 0, 0, .000, 1, 3, 1, 1, 16, 0, 0, 0, 0, 3.0, 
2, Abryanna Cannon, 4, 16, 7, 51, .176, 0, 0, 1, 1, 5, 0, 2, 0, 0, 17.0, 
3, Allie Lindroth, 4, 0, 0, 0, .000, 1, 0, 0, 1, 5, 0, 0, 0, 0, 0.0, 
8, Kiara McNulty, 4, 0, 1, 2, -.500, 49, 1, 0, 0, 15, 0, 1, 0, 2, 1.5, 
9, Sarah Johnson, 4, 0, 0, 0, .000, 2, 3, 1, 2, 21, 0, 0, 0, 1, 3.0, 
10, Amy Wang, 2, 0, 0, 0, .000, 0, 0, 1, 0, 0, 0, 0, 0, 0, 0.0, 
13, Olivia Viscuso, 4, 9, 1, 15, .533, 0, 0, 0, 0, 3, 0, 3, 0, 0, 10.5, 
16, Ella Grbac, 4, 10, 6, 33, .121, 0, 0, 0, 0, 1, 0, 3, 0, 0, 11.5, 
18, Nia Robinson, 4, 13, 9, 42, .095, 0, 2, 0, 0, 6, 0, 0, 0, 0, 15.0, 
20, Alana Walker, 4, 8, 3, 17, .294, 0, 0, 0, 0, 0, 1, 1, 1, 0, 9.5, 
TM, Team, 1, 0, 0, 0, .000, 0, 0, 0, 1, 0, 0, 0, 0, 0, 0.0, 
Totals, 56, 27, 160, .181, 53, 9, 4, 6, 72, 1, 10, 1, 3, 71.0, 
~
