Final, 1, 2, 3, 4, Score, 
North Dakota State (0-1), 25, 14, 25, 20, 1, 
Seton Hall (1-0), 20, 25, 27, 25, 3, 
~
North Dakota State, 
, -- Attack --, , -- Serve --, , -- Block --, , , 
#, Player, SP, K, E, TA, K%, A, SA, SE, RE, DIGS, BS, BA, BE, BHE, PTS, 
2, Allie Mauch, 4, 10, 9, 28, .036, 0, 0, 0, 0, 2, 0, 1, 1, 0, 10.5, 
5, McKenzie Burke, 4, 15, 8, 40, .175, 1, 1, 1, 1, 12, 0, 0, 0, 0, 16.0, 
6, Alex Erickson, 3, 0, 1, 4, -.250, 0, 0, 1, 0, 0, 0, 1, 0, 0, 0.5, 
7, Abbi Klos, 4, 0, 0, 0, .000, 3, 0, 0, 2, 13, 0, 0, 0, 0, 0.0, 
8, Bella Lien, 4, 2, 0, 9, .222, 0, 0, 0, 0, 3, 1, 4, 0, 0, 5.0, 
9, Emily Halverson, 4, 6, 5, 20, .050, 1, 0, 0, 0, 0, 3, 3, 0, 0, 10.5, 
11, Paige Schaffer, 3, 0, 0, 0, .000, 0, 0, 3, 0, 0, 0, 0, 0, 0, 0.0, 
12, Kaylee Hanger, 4, 0, 0, 0, .000, 4, 2, 0, 1, 11, 0, 0, 0, 0, 2.0, 
13, Alexis Bachmeier, 4, 9, 1, 26, .308, 0, 3, 1, 2, 11, 0, 1, 0, 0, 12.5, 
16, Kalli Hegerle, 4, 3, 2, 13, .077, 34, 2, 1, 0, 12, 1, 4, 0, 2, 8.0, 
TM, TEAM, 1, 0, 0, 0, .000, 0, 0, 0, 2, 0, 0, 0, 0, 0, 0.0, 
Totals, 45, 26, 140, .136, 43, 8, 7, 8, 64, 5, 14, 1, 2, 65.0, 
~
Seton Hall, 
, -- Attack --, , -- Serve --, , -- Block --, , , 
#, Player, SP, K, E, TA, K%, A, SA, SE, RE, DIGS, BS, BA, BE, BHE, PTS, 
2, SOTTUNG, Elizabeth, 3, 0, 0, 0, .000, 0, 0, 0, 0, 1, 0, 0, 0, 0, 0.0, 
4, COFFEY, Sophia, 4, 1, 1, 3, .000, 21, 2, 1, 0, 8, 0, 0, 0, 0, 3.0, 
7, KOSKA, Caitlin, 4, 14, 7, 43, .163, 2, 1, 0, 2, 9, 0, 0, 0, 0, 15.0, 
8, HENNIGAN, Cherise, 4, 5, 2, 16, .188, 0, 0, 0, 0, 1, 0, 1, 0, 0, 5.5, 
9, GASSER, Haylee, 4, 3, 2, 12, .083, 2, 0, 1, 0, 2, 0, 5, 1, 0, 5.5, 
10, CVELBAR, Maggie, 4, 0, 0, 0, .000, 19, 1, 0, 0, 11, 0, 0, 0, 1, 1.0, 
11, THELEN, Abby, 4, 18, 10, 50, .160, 0, 0, 1, 2, 7, 0, 2, 0, 0, 19.0, 
12, RACHWAL, Amanda, 4, 5, 1, 12, .333, 0, 0, 0, 0, 0, 0, 2, 1, 0, 6.0, 
13, HIGGINBOTHAM, Mirand, 4, 0, 0, 0, .000, 3, 4, 0, 2, 23, 0, 0, 0, 0, 4.0, 
15, TURNER, Emilee, 4, 4, 3, 13, .077, 0, 0, 0, 0, 0, 0, 4, 0, 0, 6.0, 
TM, TEAM, 2, 0, 0, 0, .000, 0, 0, 0, 2, 0, 0, 0, 0, 0, 0.0, 
Totals, 50, 26, 149, .161, 47, 8, 3, 8, 62, 0, 14, 2, 1, 65.0, 
~
