Final, 1, 2, 3, 4, 5, Score, 
Sacramento St. (3-4), 23, 25, 23, 25, 9, 2, 
Denver (5-1), 25, 18, 25, 20, 15, 3, 
~
Sacramento St., 
, -- Attack --, , -- Serve --, , -- Block --, , , 
#, Player, SP, K, E, TA, K%, A, SA, SE, RE, DIGS, BS, BA, BE, BHE, PTS, 
2, Cianna Andrews, 5, 11, 4, 28, .250, 0, 0, 0, 0, 2, 0, 1, 0, 0, 11.5, 
4, Mikaela Nocetti, 5, 14, 6, 52, .154, 2, 0, 1, 1, 8, 0, 3, 0, 0, 15.5, 
7, Lana Brown, 5, 15, 2, 26, .500, 0, 0, 0, 0, 2, 0, 2, 0, 0, 16.0, 
8, Sarah Davis, 5, 13, 5, 44, .182, 1, 2, 0, 1, 19, 0, 1, 0, 0, 15.5, 
10, Ashtin Olin, 5, 7, 2, 13, .385, 46, 3, 2, 0, 8, 2, 2, 0, 2, 13.0, 
11, Paige Swinney, 5, 1, 0, 1, 1.000, 1, 0, 0, 1, 10, 0, 0, 0, 0, 1.0, 
12, Brie Gathright, 5, 3, 0, 10, .300, 0, 0, 0, 0, 3, 0, 5, 0, 0, 5.5, 
17, Skyler Takeda, 5, 0, 1, 1, -1.000, 4, 7, 2, 2, 13, 0, 0, 0, 0, 7.0, 
TM, TEAM, 1, 0, 0, 0, .000, 0, 0, 0, 1, 0, 0, 0, 0, 0, 0.0, 
Totals, 64, 20, 175, .251, 54, 12, 5, 6, 65, 2, 14, 0, 2, 85.0, 
~
Denver, 
, -- Attack --, , -- Serve --, , -- Block --, , , 
#, Player, SP, K, E, TA, K%, A, SA, SE, RE, DIGS, BS, BA, BE, BHE, PTS, 
2, Katarina Marinkovic, 5, 16, 1, 30, .500, 1, 2, 3, 5, 8, 0, 1, 0, 0, 18.5, 
3, Andrea Eddy, 5, 0, 0, 0, .000, 19, 0, 1, 0, 13, 0, 0, 0, 1, 0.0, 
5, Olivia Novotny, 5, 0, 0, 0, .000, 6, 2, 1, 6, 20, 0, 0, 0, 0, 2.0, 
6, Ellie Anderson, 5, 2, 0, 3, .667, 36, 0, 0, 0, 12, 0, 0, 0, 0, 2.0, 
7, Lauren McManus, 3, 0, 0, 0, .000, 1, 0, 0, 0, 1, 0, 0, 0, 0, 0.0, 
8, Becca Latham, 5, 17, 7, 36, .278, 0, 0, 0, 0, 2, 0, 2, 1, 0, 18.0, 
10, Lydia Bartalo, 5, 14, 6, 36, .222, 0, 2, 0, 1, 16, 0, 0, 0, 0, 16.0, 
12, Macy Carrabine, 1, 0, 0, 0, .000, 0, 0, 0, 0, 2, 0, 0, 0, 0, 0.0, 
13, Tina Boe, 5, 8, 2, 23, .261, 1, 0, 0, 0, 4, 0, 3, 1, 0, 9.5, 
14, Taylor Joachim, 5, 4, 2, 18, .111, 1, 0, 0, 0, 1, 0, 1, 0, 0, 4.5, 
15, Emma Willis, 5, 7, 4, 20, .150, 1, 0, 0, 0, 3, 2, 1, 1, 1, 9.5, 
Totals, 68, 22, 166, .277, 66, 6, 5, 12, 82, 2, 8, 3, 2, 80.0, 
~
