Final, 1, 2, 3, Score, 
Northeastern (2-2), 21, 15, 18, 0, 
South Dakota (3-1), 25, 25, 25, 3, 
~
Northeastern, 
, -- Attack --, , -- Serve --, , -- Block --, , , 
#, Player, SP, K, E, TA, K%, A, SA, SE, RE, DIGS, BS, BA, BE, BHE, PTS, 
1, Wang, Sherrie, 2, 0, 0, 0, .000, 0, 0, 0, 1, 0, 0, 0, 0, 0, 0.0, 
2, Magbanua, Nicole, 3, 0, 0, 0, .000, 1, 0, 0, 0, 7, 0, 0, 0, 0, 0.0, 
6, Eyl, Gabrielle, 3, 0, 0, 0, .000, 2, 1, 0, 0, 16, 0, 0, 0, 0, 1.0, 
7, Shupe, Samantha, 3, 0, 1, 6, -.167, 27, 0, 0, 0, 8, 0, 1, 0, 2, 0.5, 
8, Tschannen, Gabrielle, 2, 4, 3, 12, .083, 0, 0, 2, 0, 0, 0, 1, 0, 0, 4.5, 
10, Shollin, Natalie, 3, 6, 3, 22, .136, 0, 0, 0, 0, 0, 0, 0, 1, 0, 6.0, 
12, Reiter, Taylor, 3, 3, 2, 17, .059, 0, 0, 0, 0, 1, 0, 0, 1, 0, 3.0, 
13, Lund, Clare, 3, 0, 0, 3, .000, 1, 1, 0, 0, 13, 0, 0, 0, 0, 1.0, 
14, Winkler, Kaylyn, 3, 3, 1, 7, .286, 0, 1, 0, 0, 2, 0, 0, 0, 0, 4.0, 
15, Boyd, Hannah, 3, 12, 4, 37, .216, 0, 0, 0, 1, 6, 0, 0, 1, 0, 12.0, 
16, Daphnis, Brianna, 2, 4, 2, 13, .154, 0, 0, 0, 0, 0, 0, 0, 0, 0, 4.0, 
18, Ardila, Athena, 2, 3, 6, 17, -.176, 0, 0, 0, 1, 3, 0, 0, 0, 0, 3.0, 
TM, TEAM, 1, 0, 0, 0, .000, 0, 0, 0, 1, 0, 0, 0, 0, 0, 0.0, 
Totals, 35, 22, 134, .097, 31, 3, 2, 4, 56, 0, 2, 3, 2, 39.0, 
~
South Dakota, 
, -- Attack --, , -- Serve --, , -- Block --, , , 
#, Player, SP, K, E, TA, K%, A, SA, SE, RE, DIGS, BS, BA, BE, BHE, PTS, 
2, Claire Gerdes, 3, 3, 2, 12, .083, 1, 0, 0, 0, 1, 0, 3, 1, 0, 4.5, 
3, Taylor Wilson, 3, 15, 0, 24, .625, 0, 0, 1, 0, 7, 1, 3, 0, 0, 17.5, 
4, Madison Jurgens, 3, 0, 0, 5, .000, 38, 0, 0, 0, 8, 0, 1, 0, 4, 0.5, 
5, Jenna Wagemester, 2, 1, 1, 14, .000, 0, 0, 0, 0, 0, 0, 3, 0, 0, 2.5, 
6, Hayley Dotseth, 3, 12, 2, 36, .278, 0, 2, 1, 0, 8, 0, 1, 0, 0, 14.5, 
8, Lauren Sauer, 3, 1, 0, 1, 1.000, 0, 0, 0, 0, 13, 0, 0, 0, 0, 1.0, 
9, Kristina Susak, 2, 3, 0, 5, .600, 1, 0, 0, 0, 1, 0, 0, 0, 0, 3.0, 
12, Elizabeth Loschen, 3, 10, 2, 20, .400, 0, 0, 0, 0, 3, 0, 1, 0, 0, 10.5, 
14, Lolo Weideman, 1, 0, 0, 0, .000, 0, 0, 0, 0, 0, 0, 0, 0, 0, 0.0, 
15, Anne Rasmussen, 3, 0, 0, 1, .000, 1, 2, 3, 1, 18, 0, 0, 0, 0, 2.0, 
16, Mehana Fonseca, 3, 0, 0, 0, .000, 2, 0, 0, 1, 7, 0, 0, 0, 0, 0.0, 
17, Emily Grathoff, 1, 0, 0, 0, .000, 0, 0, 0, 0, 0, 0, 0, 0, 0, 0.0, 
TM, TEAM, 1, 0, 0, 0, .000, 0, 0, 0, 1, 0, 0, 0, 0, 0, 0.0, 
Totals, 45, 7, 118, .322, 43, 4, 5, 3, 66, 1, 12, 1, 4, 56.0, 
~
