Final, 1, 2, 3, Score, 
Denver (26-1, 15-0 Summit), 25, 25, 25, 3, 
Purdue Fort Wayne (17-13, 8-8 Summit), 20, 18, 20, 0, 
~
Denver, 
, -- Attack --, , -- Serve --, , -- Block --, , , 
#, Player, SP, K, E, TA, K%, A, SA, SE, RE, DIGS, BS, BA, BE, BHE, PTS, 
2, Katarina Marinkovic, 3, 16, 5, 30, .367, 1, 0, 3, 2, 7, 0, 2, 0, 0, 17.0, 
3, Andrea Eddy, 3, 1, 0, 1, 1.000, 13, 3, 2, 0, 7, 0, 0, 0, 0, 4.0, 
6, Ellie Anderson, 3, 2, 1, 3, .333, 21, 0, 0, 0, 4, 0, 0, 0, 0, 2.0, 
7, Lauren McManus, 1, 0, 0, 0, .000, 1, 0, 0, 0, 0, 0, 0, 0, 0, 0.0, 
8, Becca Latham, 3, 12, 5, 24, .292, 0, 0, 0, 0, 2, 0, 1, 0, 0, 12.5, 
10, Lydia Bartalo, 3, 4, 2, 19, .105, 4, 2, 3, 0, 15, 0, 0, 0, 0, 6.0, 
12, Macy Carrabine, 3, 0, 0, 0, .000, 3, 0, 1, 0, 7, 0, 0, 0, 0, 0.0, 
13, Tina Boe, 3, 3, 1, 7, .286, 0, 1, 0, 0, 4, 0, 0, 0, 0, 4.0, 
14, Taylor Joachim, 3, 3, 0, 13, .231, 1, 0, 0, 0, 1, 1, 3, 1, 0, 5.5, 
15, Emma Willis, 3, 5, 2, 15, .200, 0, 0, 0, 0, 0, 0, 5, 0, 0, 7.5, 
Totals, 46, 16, 112, .268, 44, 6, 9, 2, 47, 1, 11, 1, 0, 58.5, 
~
Purdue Fort Wayne, 
, -- Attack --, , -- Serve --, , -- Block --, , , 
#, Player, SP, K, E, TA, K%, A, SA, SE, RE, DIGS, BS, BA, BE, BHE, PTS, 
1, Madison Jaqua, 3, 0, 0, 0, .000, 22, 0, 0, 0, 2, 0, 0, 0, 0, 0.0, 
2, Julia Wayer, 2, 0, 0, 0, .000, 0, 0, 0, 0, 1, 0, 0, 0, 0, 0.0, 
3, Elizabeth Britner, 3, 0, 0, 0, .000, 0, 0, 1, 0, 12, 0, 0, 0, 0, 0.0, 
4, Victoria Mills, 2, 0, 0, 0, .000, 7, 0, 0, 0, 3, 0, 0, 0, 0, 0.0, 
5, Je'Bria Green, 3, 0, 2, 7, -.286, 0, 0, 0, 0, 2, 0, 1, 1, 1, 0.5, 
7, Taylor Duddleston, 2, 0, 0, 0, .000, 0, 1, 0, 0, 3, 0, 0, 0, 0, 1.0, 
8, Elizabeth Fuerst, 3, 3, 2, 9, .111, 0, 0, 0, 0, 2, 0, 2, 0, 0, 4.0, 
9, Katie Crowe, 3, 5, 5, 21, .000, 0, 0, 1, 4, 11, 0, 0, 1, 0, 5.0, 
10, Sandra Hoevels, 1, 0, 0, 1, .000, 0, 0, 0, 0, 0, 0, 0, 0, 0, 0.0, 
12, Sydney Cox, 1, 0, 1, 1, -1.000, 0, 0, 0, 0, 0, 0, 0, 0, 0, 0.0, 
13, Sydney Boerst, 3, 6, 3, 15, .200, 0, 1, 1, 0, 1, 0, 2, 0, 0, 8.0, 
14, Madelyn Wurster, 3, 4, 1, 14, .214, 0, 0, 0, 0, 0, 0, 0, 0, 0, 4.0, 
24, Nicole Rightnowar, 3, 12, 5, 31, .226, 0, 0, 0, 2, 6, 0, 1, 0, 0, 12.5, 
Totals, 30, 19, 99, .111, 29, 2, 3, 6, 43, 0, 6, 2, 1, 35.0, 
~
