Final, 1, 2, 3, 4, Score, 
North Dakota State (1-4), 25, 15, 16, 12, 1, 
Arkansas (3-1), 22, 25, 25, 25, 3, 
~
North Dakota State, 
, -- Attack --, , -- Serve --, , -- Block --, , , 
#, Player, SP, K, E, TA, K%, A, SA, SE, RE, DIGS, BS, BA, BE, BHE, PTS, 
1, Kirstin Tidd, 1, 0, 0, 0, .000, 0, 0, 0, 0, 0, 0, 1, 0, 0, 0.5, 
2, Allie Mauch, 4, 11, 5, 30, .200, 0, 0, 0, 0, 2, 0, 1, 1, 0, 11.5, 
5, McKenzie Burke, 4, 4, 7, 33, -.091, 0, 0, 2, 2, 6, 1, 2, 0, 0, 6.0, 
6, Alex Erickson, 3, 0, 0, 0, .000, 0, 0, 0, 0, 1, 0, 0, 0, 0, 0.0, 
7, Abbi Klos, 4, 0, 0, 1, .000, 3, 2, 1, 0, 16, 0, 0, 0, 0, 2.0, 
8, Bella Lien, 4, 0, 3, 7, -.429, 1, 0, 0, 0, 3, 1, 3, 1, 0, 2.5, 
9, Emily Halverson, 4, 4, 3, 17, .059, 0, 0, 0, 0, 1, 0, 2, 0, 0, 5.0, 
10, Maggie Steffen, 2, 0, 1, 3, -.333, 0, 0, 0, 0, 0, 0, 0, 0, 0, 0.0, 
11, Paige Schaffer, 4, 0, 0, 0, .000, 0, 0, 2, 0, 0, 0, 0, 0, 0, 0.0, 
12, Kaylee Hanger, 4, 0, 0, 1, .000, 1, 0, 0, 1, 6, 0, 0, 0, 0, 0.0, 
13, Alexis Bachmeier, 4, 10, 8, 25, .080, 3, 0, 1, 4, 12, 0, 1, 0, 0, 10.5, 
16, Kalli Hegerle, 4, 4, 2, 13, .154, 23, 0, 3, 0, 6, 0, 2, 1, 2, 5.0, 
Totals, 33, 29, 130, .031, 31, 2, 9, 7, 53, 2, 12, 3, 2, 43.0, 
~
Arkansas, 
, -- Attack --, , -- Serve --, , -- Block --, , , 
#, Player, SP, K, E, TA, K%, A, SA, SE, RE, DIGS, BS, BA, BE, BHE, PTS, 
1, Rippee, Rachel, 4, 3, 1, 6, .333, 40, 1, 1, 0, 11, 0, 0, 0, 1, 4.0, 
2, Johnson, Paige, 4, 0, 0, 0, .000, 0, 3, 0, 0, 10, 0, 0, 0, 0, 3.0, 
3, Dirrigl, Hailey, 3, 5, 7, 20, -.100, 0, 0, 0, 0, 2, 1, 0, 0, 0, 6.0, 
5, Evans, Lauren, 4, 0, 0, 0, .000, 2, 3, 3, 1, 7, 0, 0, 0, 0, 3.0, 
7, Robinson, Reagan, 3, 7, 2, 21, .238, 1, 0, 1, 1, 3, 0, 1, 0, 0, 7.5, 
8, Pamphile, Elizabeth, 4, 11, 7, 26, .154, 0, 0, 1, 0, 1, 1, 1, 0, 0, 12.5, 
9, Trainor, Klaire, 2, 0, 0, 0, .000, 0, 0, 0, 0, 0, 0, 0, 0, 0, 0.0, 
10, O'Brien, Kelly, 4, 11, 3, 28, .286, 0, 0, 0, 0, 1, 0, 2, 0, 0, 12.0, 
12, Valle, Okiana, 4, 0, 0, 1, .000, 4, 0, 2, 0, 21, 0, 0, 0, 0, 0.0, 
15, Stripp, Maia, 4, 1, 1, 6, .000, 0, 0, 0, 0, 1, 0, 2, 0, 0, 2.0, 
16, Brown, Logan, 4, 12, 2, 27, .370, 0, 0, 0, 0, 3, 0, 0, 0, 0, 12.0, 
Totals, 50, 23, 135, .200, 47, 7, 8, 2, 60, 2, 6, 0, 1, 62.0, 
~
