Final, 1, 2, 3, 4, 5, Score, 
Omaha (16-11, 11-4), 20, 21, 25, 25, 15, 3, 
Western Illinois (2-25, 1-13), 25, 25, 16, 20, 4, 2, 
~
Omaha, 
, -- Attack --, , -- Serve --, , -- Block --, , , 
#, Player, SP, K, E, TA, K%, A, SA, SE, RE, DIGS, BS, BA, BE, BHE, PTS, 
1, Courtney Morehead, 4, 0, 0, 0, .000, 2, 1, 3, 0, 7, 0, 0, 0, 0, 1.0, 
3, Abby Bergsten, 5, 11, 2, 29, .310, 0, 0, 0, 1, 1, 0, 0, 0, 0, 11.0, 
4, Jaclyn Taylor, 3, 0, 0, 0, .000, 1, 2, 1, 0, 3, 0, 0, 0, 0, 2.0, 
5, Kenzie Michalek, 5, 0, 0, 0, .000, 2, 3, 1, 2, 9, 0, 0, 0, 0, 3.0, 
6, Isabella Sade, 5, 13, 2, 28, .393, 0, 2, 2, 0, 3, 0, 3, 0, 0, 16.5, 
8, Claire Mountjoy, 5, 0, 0, 0, .000, 1, 2, 2, 0, 14, 0, 0, 0, 0, 2.0, 
10, Sadie Limback, 5, 16, 7, 35, .257, 2, 4, 4, 3, 9, 0, 1, 0, 0, 20.5, 
11, Anna Blaschko, 5, 11, 1, 18, .556, 0, 0, 0, 0, 1, 1, 1, 0, 0, 12.5, 
14, Claire Leonard, 5, 8, 7, 26, .038, 1, 0, 0, 0, 3, 0, 1, 0, 0, 8.5, 
24, Sydney Case, 5, 3, 0, 9, .333, 46, 0, 5, 0, 4, 0, 2, 0, 1, 4.0, 
Totals, 62, 19, 145, .297, 55, 14, 18, 6, 54, 1, 8, 0, 1, 81.0, 
~
Western Illinois, 
, -- Attack --, , -- Serve --, , -- Block --, , , 
#, Player, SP, K, E, TA, K%, A, SA, SE, RE, DIGS, BS, BA, BE, BHE, PTS, 
1, Shaela Gray, 1, 0, 0, 1, .000, 0, 0, 0, 0, 0, 0, 0, 0, 0, 0.0, 
3, Shiah Sanders, 5, 14, 2, 31, .387, 0, 0, 1, 2, 5, 1, 1, 0, 0, 15.5, 
5, Jaime Johnson, 5, 2, 2, 9, .000, 29, 3, 1, 0, 6, 0, 1, 0, 1, 5.5, 
6, Mariah Mitchell, 3, 3, 1, 6, .333, 0, 0, 0, 0, 1, 0, 0, 0, 0, 3.0, 
7, Melanie Patenaude, 5, 8, 6, 28, .071, 0, 0, 1, 3, 12, 0, 1, 0, 0, 8.5, 
8, Claire Grove, 5, 1, 0, 1, 1.000, 4, 1, 0, 2, 10, 0, 0, 0, 0, 2.0, 
11, Abby Knoop, 1, 0, 0, 1, .000, 0, 0, 0, 0, 0, 0, 0, 0, 0, 0.0, 
12, Erika Moore, 4, 0, 0, 0, .000, 0, 0, 0, 0, 5, 0, 0, 0, 0, 0.0, 
14, Cassie Hunt, 3, 0, 0, 0, .000, 4, 1, 1, 0, 1, 0, 0, 0, 0, 1.0, 
15, Mackenzie Steckler, 1, 0, 2, 2, -1.000, 0, 0, 0, 0, 0, 0, 0, 0, 0, 0.0, 
17, Riley Schumacher, 4, 4, 2, 14, .143, 0, 0, 2, 0, 0, 2, 1, 0, 0, 6.5, 
21, Madeline Dieter, 5, 5, 2, 17, .176, 0, 0, 0, 0, 1, 1, 2, 0, 0, 7.0, 
24, Emma Norris, 5, 8, 4, 24, .167, 1, 1, 1, 1, 6, 0, 0, 0, 0, 9.0, 
TM, TEAM, 3, 0, 0, 0, .000, 0, 0, 0, 6, 0, 0, 0, 0, 0, 0.0, 
Totals, 45, 21, 134, .179, 38, 6, 7, 14, 47, 4, 6, 0, 1, 58.0, 
~
