Final, 1, 2, 3, 4, Score, 
Oral Roberts (0-1), 15, 25, 19, 18, 1, 
Colorado (1-0), 25, 14, 25, 25, 3, 
~
Oral Roberts, 
, -- Attack --, , -- Serve --, , -- Block --, , , 
#, Player, SP, K, E, TA, K%, A, SA, SE, RE, DIGS, BS, BA, BE, BHE, PTS, 
1, Tori Roe, 4, 0, 0, 0, .000, 3, 0, 0, 0, 16, 0, 0, 0, 1, 0.0, 
6, Inka Inkret, 1, 0, 0, 1, .000, 0, 0, 0, 0, 0, 0, 0, 0, 0, 0.0, 
10, Bria Bergman, 4, 5, 0, 9, .556, 33, 0, 0, 0, 6, 1, 2, 1, 1, 7.0, 
11, Taylan Nero, 4, 5, 3, 16, .125, 0, 0, 2, 1, 1, 0, 2, 0, 0, 6.0, 
12, Bri Greenlee, 4, 3, 4, 10, -.100, 0, 0, 2, 0, 3, 0, 3, 0, 0, 4.5, 
13, Sarah Thiessen, 4, 0, 0, 0, .000, 0, 1, 2, 1, 4, 0, 0, 0, 0, 1.0, 
14, Katarina Mikulic, 4, 11, 7, 29, .138, 4, 0, 1, 1, 9, 0, 1, 0, 0, 11.5, 
15, Morgan Blomquist, 4, 4, 4, 15, .000, 0, 0, 0, 0, 1, 0, 4, 1, 0, 6.0, 
16, Lara Picht, 2, 1, 0, 2, .500, 0, 0, 0, 0, 1, 0, 0, 0, 0, 1.0, 
17, CeCe Madison, 4, 15, 10, 39, .128, 0, 1, 3, 1, 9, 0, 0, 0, 0, 16.0, 
TM, TEAM, 1, 0, 0, 0, .000, 0, 0, 0, 0, 0, 0, 0, 0, 0, 0.0, 
Totals, 44, 28, 121, .132, 40, 2, 10, 4, 50, 1, 12, 2, 2, 53.0, 
~
Colorado, 
, -- Attack --, , -- Serve --, , -- Block --, , , 
#, Player, SP, K, E, TA, K%, A, SA, SE, RE, DIGS, BS, BA, BE, BHE, PTS, 
3, Gabby Carta-Samuels, 4, 0, 0, 0, .000, 0, 0, 0, 0, 4, 0, 0, 0, 0, 0.0, 
4, Jenna Ewert, 4, 0, 0, 0, .000, 2, 0, 0, 0, 2, 0, 0, 0, 0, 0.0, 
6, Danielle Price, 4, 6, 2, 18, .222, 0, 0, 0, 0, 0, 2, 2, 2, 0, 9.0, 
7, Alexa Smith, 4, 15, 11, 41, .098, 0, 0, 2, 1, 4, 0, 1, 0, 0, 15.5, 
8, Justine Spann, 4, 11, 4, 27, .259, 0, 1, 2, 0, 8, 1, 3, 0, 0, 14.5, 
10, Brynna DeLuzio, 4, 1, 1, 7, .000, 34, 0, 1, 0, 5, 0, 0, 0, 0, 1.0, 
12, Rachel Whipple, 4, 0, 0, 1, .000, 3, 1, 0, 0, 12, 0, 0, 0, 0, 1.0, 
16, Lillie Klemmer, 4, 4, 0, 10, .400, 0, 2, 0, 0, 3, 0, 7, 1, 0, 9.5, 
18, Anyse Smith, 2, 3, 2, 6, .167, 0, 0, 1, 1, 3, 0, 0, 0, 0, 3.0, 
20, Taylor Deprosse, 1, 0, 0, 0, .000, 0, 0, 0, 0, 0, 0, 0, 0, 0, 0.0, 
21, Lauren Dorrell, 4, 3, 1, 10, .200, 0, 0, 0, 0, 5, 0, 5, 0, 0, 5.5, 
Totals, 43, 21, 120, .183, 39, 4, 6, 2, 46, 3, 18, 3, 0, 59.0, 
~
