Final, 1, 2, 3, 4, Score, 
Denver (14-1, 3-0 SL), 25, 25, 27, 25, 3, 
North Dakota State (3-13, 1-4 SL), 21, 17, 29, 15, 1, 
~
Denver, 
, -- Attack --, , -- Serve --, , -- Block --, , , 
#, Player, SP, K, E, TA, K%, A, SA, SE, RE, DIGS, BS, BA, BE, BHE, PTS, 
1, Graceyn Tippens, 1, 0, 0, 0, .000, 0, 0, 0, 0, 0, 0, 0, 0, 0, 0.0, 
2, Katarina Marinkovic, 4, 10, 6, 31, .129, 1, 1, 3, 1, 7, 0, 0, 1, 0, 11.0, 
3, Andrea Eddy, 4, 0, 1, 2, -.500, 24, 7, 2, 0, 6, 0, 0, 0, 1, 7.0, 
5, Olivia Novotny, 2, 0, 0, 0, .000, 0, 0, 0, 0, 1, 0, 0, 0, 0, 0.0, 
6, Ellie Anderson, 4, 1, 0, 1, 1.000, 27, 2, 3, 0, 4, 0, 0, 0, 1, 3.0, 
7, Lauren McManus, 2, 0, 0, 0, .000, 0, 0, 0, 0, 1, 0, 0, 0, 0, 0.0, 
8, Becca Latham, 4, 16, 3, 31, .419, 0, 0, 0, 0, 1, 0, 2, 0, 0, 17.0, 
10, Lydia Bartalo, 4, 8, 6, 20, .100, 1, 5, 7, 1, 8, 0, 2, 1, 0, 14.0, 
12, Macy Carrabine, 4, 0, 0, 0, .000, 5, 1, 1, 0, 20, 0, 0, 0, 0, 1.0, 
13, Tina Boe, 4, 10, 4, 23, .261, 0, 0, 1, 0, 1, 0, 4, 3, 0, 12.0, 
14, Taylor Joachim, 4, 11, 1, 21, .476, 1, 0, 0, 0, 0, 0, 1, 0, 0, 11.5, 
15, Emma Willis, 4, 6, 1, 14, .357, 0, 0, 0, 0, 1, 0, 1, 0, 0, 6.5, 
Totals, 62, 22, 143, .280, 59, 16, 17, 2, 50, 0, 10, 5, 2, 83.0, 
~
North Dakota State, 
, -- Attack --, , -- Serve --, , -- Block --, , , 
#, Player, SP, K, E, TA, K%, A, SA, SE, RE, DIGS, BS, BA, BE, BHE, PTS, 
2, Allie Mauch, 4, 9, 7, 32, .062, 0, 0, 0, 0, 4, 1, 1, 1, 0, 10.5, 
5, McKenzie Burke, 3, 2, 2, 12, .000, 0, 0, 0, 3, 3, 0, 0, 0, 0, 2.0, 
6, Alex Erickson, 3, 4, 2, 12, .167, 1, 0, 0, 4, 3, 0, 0, 0, 0, 4.0, 
7, Abbi Klos, 4, 0, 1, 2, -.500, 1, 1, 1, 1, 11, 0, 0, 0, 0, 1.0, 
8, Bella Lien, 4, 6, 1, 14, .357, 1, 0, 0, 0, 2, 3, 4, 1, 0, 11.0, 
9, Emily Halverson, 4, 4, 2, 11, .182, 0, 0, 0, 0, 2, 0, 0, 2, 0, 4.0, 
10, Maggie Steffen, 3, 1, 0, 2, .500, 0, 0, 1, 0, 5, 0, 0, 0, 0, 1.0, 
12, Kaylee Hanger, 3, 0, 0, 0, .000, 1, 0, 0, 5, 3, 0, 0, 0, 0, 0.0, 
13, Alexis Bachmeier, 4, 7, 4, 26, .115, 0, 0, 0, 3, 7, 0, 1, 0, 0, 7.5, 
16, Kalli Hegerle, 4, 4, 0, 4, 1.000, 27, 1, 0, 0, 5, 1, 2, 1, 0, 7.0, 
Totals, 37, 19, 115, .157, 31, 2, 2, 16, 45, 5, 8, 5, 0, 48.0, 
~
