Final, 1, 2, 3, 4, Score, 
New Orleans (6-8), 24, 25, 21, 17, 1, 
North Dakota (8-7), 26, 20, 25, 25, 3, 
~
New Orleans, 
, -- Attack --, , -- Serve --, , -- Block --, , , 
#, Player, SP, K, E, TA, K%, A, SA, SE, RE, DIGS, BS, BA, BE, BHE, PTS, 
1, Andrea Nava, 4, 0, 0, 0, .000, 3, 0, 0, 2, 28, 0, 0, 0, 0, 0.0, 
3, Rhyan Rand, 4, 10, 1, 25, .360, 1, 0, 0, 0, 2, 0, 2, 0, 0, 11.0, 
5, Samantha Uline, 2, 0, 0, 0, .000, 0, 0, 1, 1, 1, 0, 0, 0, 0, 0.0, 
6, Jordan Schumacher, 1, 0, 0, 0, .000, 0, 0, 0, 0, 1, 0, 0, 0, 0, 0.0, 
7, Blessing Dunn, 4, 14, 5, 35, .257, 0, 4, 1, 2, 15, 0, 1, 0, 0, 18.5, 
8, Brianna Vega, 4, 13, 2, 35, .314, 0, 1, 2, 2, 8, 0, 2, 0, 0, 15.0, 
9, Amanda Wurster, 2, 0, 0, 0, .000, 9, 0, 0, 0, 3, 0, 0, 0, 3, 0.0, 
11, Kaitlyn Grice, 4, 9, 3, 29, .207, 0, 0, 2, 0, 2, 0, 3, 0, 0, 10.5, 
12, Kyra Hunter, 2, 3, 2, 11, .091, 0, 0, 0, 0, 0, 0, 1, 0, 0, 3.5, 
15, Sarah Thomas, 4, 1, 0, 3, .333, 40, 0, 2, 0, 8, 0, 0, 0, 2, 1.0, 
20, Ehize Omoghibo, 4, 8, 4, 24, .167, 0, 0, 0, 0, 4, 0, 1, 0, 0, 8.5, 
Totals, 58, 17, 162, .253, 53, 5, 8, 7, 72, 0, 10, 0, 5, 68.0, 
~
North Dakota, 
, -- Attack --, , -- Serve --, , -- Block --, , , 
#, Player, SP, K, E, TA, K%, A, SA, SE, RE, DIGS, BS, BA, BE, BHE, PTS, 
0, Kayla Williams, 4, 14, 1, 43, .302, 1, 0, 0, 3, 11, 0, 2, 0, 0, 15.0, 
2, Brynn Nieukirk, 4, 5, 3, 25, .080, 0, 0, 0, 0, 2, 0, 1, 0, 0, 5.5, 
4, Taliyah Flores, 4, 0, 0, 0, .000, 3, 2, 0, 1, 24, 0, 0, 0, 0, 2.0, 
5, Alivia Fraase, 4, 0, 0, 0, .000, 4, 1, 1, 1, 21, 0, 0, 0, 0, 1.0, 
8, Lydia Rutten, 4, 10, 1, 18, .500, 1, 0, 3, 0, 2, 0, 2, 1, 0, 11.0, 
9, Roosa Rautio, 4, 2, 0, 7, .286, 45, 1, 1, 0, 9, 0, 1, 1, 3, 3.5, 
12, Jordan Vail, 4, 13, 1, 24, .500, 0, 0, 0, 0, 2, 0, 2, 1, 0, 14.0, 
15, Taylor Riedl, 1, 0, 1, 3, -.333, 0, 0, 0, 0, 0, 0, 0, 0, 0, 0.0, 
16, Maggie Smith, 3, 0, 0, 0, .000, 0, 0, 0, 0, 1, 0, 0, 0, 0, 0.0, 
17, Tamika Brekke, 4, 0, 0, 0, .000, 0, 3, 2, 0, 8, 0, 0, 0, 0, 3.0, 
18, Ashley Brueggeman, 4, 11, 4, 27, .259, 0, 0, 0, 0, 1, 0, 0, 0, 0, 11.0, 
Totals, 55, 11, 147, .299, 54, 7, 7, 5, 81, 0, 8, 3, 3, 66.0, 
~
