Final, 1, 2, 3, 4, Score, 
Western Illinois (1-14, 0-2 SL), 25, 9, 16, 14, 1, 
Purdue Fort Wayne (11-5, 2-0 SL), 23, 25, 25, 25, 3, 
~
Western Illinois, 
, -- Attack --, , -- Serve --, , -- Block --, , , 
#, Player, SP, K, E, TA, K%, A, SA, SE, RE, DIGS, BS, BA, BE, BHE, PTS, 
2, Aleezah Washington, 2, 1, 1, 3, .000, 0, 0, 0, 0, 0, 0, 0, 0, 0, 1.0, 
3, Shiah Sanders, 2, 0, 1, 6, -.167, 0, 0, 0, 0, 1, 0, 0, 0, 0, 0.0, 
5, Jaime Johnson, 4, 3, 0, 8, .375, 25, 0, 2, 0, 8, 0, 2, 0, 2, 4.0, 
6, Mariah Mitchell, 3, 5, 6, 21, -.048, 0, 0, 0, 0, 0, 0, 3, 0, 0, 6.5, 
7, Melanie Patenaude, 4, 7, 2, 20, .250, 0, 1, 1, 2, 8, 0, 0, 0, 0, 8.0, 
8, Claire Grove, 4, 0, 0, 0, .000, 4, 0, 5, 2, 6, 0, 0, 0, 0, 0.0, 
9, Kaylee Woodard, 2, 0, 0, 0, .000, 0, 0, 0, 0, 0, 0, 0, 0, 0, 0.0, 
12, Erika Moore, 4, 0, 0, 0, .000, 0, 0, 0, 0, 7, 0, 0, 0, 0, 0.0, 
14, Cassie Hunt, 1, 0, 0, 0, .000, 0, 0, 1, 0, 3, 0, 0, 0, 0, 0.0, 
15, Mackenzie Steckler, 4, 4, 2, 17, .118, 0, 0, 0, 0, 1, 0, 6, 1, 1, 7.0, 
17, Riley Schumacher, 2, 3, 0, 4, .750, 0, 0, 2, 0, 0, 0, 0, 0, 0, 3.0, 
21, Madeline Dieter, 3, 2, 1, 5, .200, 1, 0, 2, 0, 0, 0, 0, 0, 0, 2.0, 
24, Emma Norris, 4, 7, 6, 29, .034, 1, 0, 1, 0, 0, 1, 1, 0, 0, 8.5, 
Totals, 32, 19, 113, .115, 31, 1, 14, 4, 34, 1, 12, 1, 3, 40.0, 
~
Purdue Fort Wayne, 
, -- Attack --, , -- Serve --, , -- Block --, , , 
#, Player, SP, K, E, TA, K%, A, SA, SE, RE, DIGS, BS, BA, BE, BHE, PTS, 
1, Madison Jaqua, 4, 1, 1, 6, .000, 42, 0, 0, 1, 10, 1, 0, 0, 1, 2.0, 
2, Julia Wayer, 2, 0, 0, 0, .000, 0, 1, 1, 0, 0, 0, 0, 0, 0, 1.0, 
3, Elizabeth Britner, 4, 0, 0, 0, .000, 2, 0, 1, 0, 9, 0, 0, 0, 0, 0.0, 
4, Victoria Mills, 4, 0, 0, 0, .000, 1, 1, 2, 0, 2, 0, 0, 0, 0, 1.0, 
5, Je'Bria Green, 3, 3, 1, 4, .500, 0, 0, 0, 0, 0, 0, 0, 1, 0, 3.0, 
6, Madison Gates, 2, 0, 1, 1, -1.000, 3, 0, 0, 0, 2, 0, 0, 0, 2, 0.0, 
7, Taylor Duddleston, 2, 0, 0, 0, .000, 0, 0, 0, 0, 3, 0, 0, 0, 0, 0.0, 
8, Elizabeth Fuerst, 4, 15, 1, 26, .538, 0, 0, 0, 0, 0, 0, 0, 0, 0, 15.0, 
9, Katie Crowe, 4, 13, 4, 26, .346, 0, 0, 2, 0, 12, 0, 5, 0, 0, 15.5, 
10, Sandra Hoevels, 2, 1, 1, 3, .000, 0, 0, 0, 0, 0, 0, 1, 0, 0, 1.5, 
13, Sydney Boerst, 4, 9, 0, 12, .750, 0, 0, 0, 0, 4, 0, 4, 0, 0, 11.0, 
15, Rachel Williamson, 1, 0, 0, 2, .000, 0, 0, 0, 0, 0, 0, 0, 0, 0, 0.0, 
24, Nicole Rightnowar, 4, 15, 11, 41, .098, 1, 2, 2, 0, 13, 0, 0, 0, 0, 17.0, 
Totals, 57, 20, 121, .306, 49, 4, 8, 1, 55, 1, 10, 1, 3, 67.0, 
~
