Final, 1, 2, 3, 4, 5, Score, 
Omaha (12-9, 7-2 Summit), 25, 25, 16, 23, 14, 2, 
Purdue Fort Wayne (13-10, 4-5 Summit), 18, 23, 25, 25, 16, 3, 
~
Omaha, 
, -- Attack --, , -- Serve --, , -- Block --, , , 
#, Player, SP, K, E, TA, K%, A, SA, SE, RE, DIGS, BS, BA, BE, BHE, PTS, 
1, Courtney Morehead, 5, 0, 0, 0, .000, 4, 1, 3, 0, 9, 0, 0, 0, 0, 1.0, 
3, Abby Bergsten, 5, 9, 4, 22, .227, 1, 0, 0, 0, 2, 0, 0, 0, 0, 9.0, 
5, Kenzie Michalek, 5, 0, 0, 0, .000, 0, 0, 1, 0, 4, 0, 0, 0, 0, 0.0, 
6, Isabella Sade, 5, 14, 2, 24, .500, 0, 3, 1, 0, 4, 0, 8, 0, 0, 21.0, 
8, Claire Mountjoy, 5, 0, 0, 0, .000, 3, 0, 1, 0, 11, 0, 0, 0, 0, 0.0, 
10, Sadie Limback, 5, 11, 8, 29, .103, 2, 2, 3, 2, 13, 0, 7, 0, 0, 16.5, 
11, Anna Blaschko, 5, 9, 5, 26, .154, 0, 0, 0, 0, 2, 0, 7, 0, 0, 12.5, 
14, Claire Leonard, 5, 13, 7, 45, .133, 1, 0, 0, 0, 3, 0, 3, 1, 0, 14.5, 
24, Sydney Case, 5, 1, 2, 10, -.100, 43, 0, 3, 0, 11, 3, 7, 0, 0, 7.5, 
TM, TEAM, 1, 0, 0, 0, .000, 0, 0, 0, 2, 0, 0, 0, 0, 0, 0.0, 
Totals, 57, 28, 156, .186, 54, 6, 12, 4, 59, 3, 32, 1, 0, 82.0, 
~
Purdue Fort Wayne, 
, -- Attack --, , -- Serve --, , -- Block --, , , 
#, Player, SP, K, E, TA, K%, A, SA, SE, RE, DIGS, BS, BA, BE, BHE, PTS, 
1, Madison Jaqua, 5, 0, 0, 1, .000, 50, 1, 0, 0, 9, 0, 1, 0, 0, 1.5, 
2, Julia Wayer, 3, 0, 0, 0, .000, 1, 0, 1, 1, 7, 0, 0, 0, 0, 0.0, 
3, Elizabeth Britner, 5, 0, 0, 0, .000, 3, 1, 2, 2, 19, 0, 0, 0, 0, 1.0, 
4, Victoria Mills, 5, 0, 0, 0, .000, 1, 0, 0, 0, 8, 0, 0, 0, 1, 0.0, 
5, Je'Bria Green, 5, 7, 2, 14, .357, 0, 0, 0, 0, 0, 0, 5, 0, 1, 9.5, 
8, Elizabeth Fuerst, 5, 7, 5, 22, .091, 1, 0, 0, 0, 0, 0, 5, 0, 0, 9.5, 
9, Katie Crowe, 2, 3, 4, 16, -.062, 0, 1, 0, 0, 6, 0, 1, 0, 0, 4.5, 
13, Sydney Boerst, 5, 9, 4, 19, .263, 0, 1, 3, 0, 0, 0, 8, 0, 1, 14.0, 
14, Madelyn Wurster, 4, 8, 3, 21, .238, 0, 0, 0, 0, 1, 1, 1, 1, 0, 9.5, 
24, Nicole Rightnowar, 5, 26, 10, 69, .232, 0, 0, 1, 0, 10, 0, 5, 0, 1, 28.5, 
TM, TEAM, 2, 0, 0, 0, .000, 0, 0, 0, 3, 0, 0, 0, 0, 0, 0.0, 
Totals, 60, 28, 162, .198, 56, 4, 7, 6, 60, 1, 26, 1, 4, 78.0, 
~
