Final, 1, 2, 3, 4, 5, Score, 
North Dakota (13-15, 5-7), 25, 17, 25, 22, 7, 2, 
South Dakota State (5-20, 2-10), 20, 25, 21, 25, 15, 3, 
~
North Dakota, 
, -- Attack --, , -- Serve --, , -- Block --, , , 
#, Player, SP, K, E, TA, K%, A, SA, SE, RE, DIGS, BS, BA, BE, BHE, PTS, 
1, Darian Chwialkowski, 5, 16, 7, 42, .214, 1, 0, 0, 2, 13, 0, 1, 0, 0, 16.5, 
5, Alivia Fraase, 5, 0, 0, 0, .000, 2, 2, 0, 1, 28, 0, 0, 0, 0, 2.0, 
7, Lexi Ahrens, 5, 7, 5, 27, .074, 0, 0, 0, 0, 4, 0, 2, 1, 0, 8.0, 
8, Lydia Rutten, 5, 3, 4, 15, -.067, 0, 0, 1, 0, 1, 1, 4, 1, 0, 6.0, 
9, Roosa Rautio, 5, 1, 1, 4, .000, 52, 0, 1, 0, 11, 0, 2, 0, 1, 2.0, 
12, Jordan Vail, 5, 17, 4, 35, .371, 0, 0, 0, 0, 0, 0, 3, 0, 0, 18.5, 
14, Kelly Wahl, 1, 0, 0, 0, .000, 0, 0, 0, 0, 0, 0, 0, 0, 0, 0.0, 
16, Maggie Smith, 5, 0, 0, 0, .000, 1, 1, 2, 2, 7, 0, 0, 0, 0, 1.0, 
17, Tamika Brekke, 5, 0, 0, 0, .000, 1, 1, 1, 0, 5, 0, 0, 0, 0, 1.0, 
18, Ashley Brueggeman, 5, 14, 11, 51, .059, 0, 0, 0, 0, 3, 0, 2, 0, 0, 15.0, 
20, Madi Hart, 5, 0, 0, 0, .000, 0, 0, 0, 0, 1, 0, 0, 0, 0, 0.0, 
Totals, 58, 32, 174, .149, 57, 4, 5, 5, 73, 1, 14, 2, 1, 70.0, 
~
South Dakota State, 
, -- Attack --, , -- Serve --, , -- Block --, , , 
#, Player, SP, K, E, TA, K%, A, SA, SE, RE, DIGS, BS, BA, BE, BHE, PTS, 
1, Sierra Peterson, 5, 10, 2, 18, .444, 0, 0, 0, 0, 2, 0, 0, 0, 0, 10.0, 
2, Kari Brucker, 5, 0, 0, 0, .000, 0, 0, 2, 0, 1, 0, 0, 0, 0, 0.0, 
3, Makenzie Hennen, 5, 10, 3, 39, .179, 0, 2, 1, 1, 20, 0, 0, 0, 0, 12.0, 
4, Ashlynn Smith, 5, 23, 5, 41, .439, 0, 0, 0, 0, 5, 0, 3, 0, 0, 24.5, 
7, Mattison Munger, 5, 0, 1, 2, -.500, 21, 0, 0, 0, 6, 0, 0, 0, 0, 0.0, 
9, Crystal Burk, 5, 10, 4, 35, .171, 0, 1, 2, 2, 15, 0, 3, 0, 0, 12.5, 
11, Payton Richardson, 5, 6, 2, 11, .364, 0, 0, 0, 0, 1, 1, 3, 1, 0, 8.5, 
12, Ellie Thein, 5, 0, 0, 1, .000, 2, 0, 2, 1, 15, 0, 0, 0, 0, 0.0, 
15, Sydney Andrews, 5, 3, 4, 12, -.083, 0, 0, 2, 0, 1, 0, 3, 0, 0, 4.5, 
18, Maddie Fay, 5, 0, 1, 1, -1.000, 29, 2, 1, 0, 3, 0, 0, 0, 0, 2.0, 
Totals, 62, 22, 160, .250, 52, 5, 10, 4, 69, 1, 12, 1, 0, 74.0, 
~
