Final, 1, 2, 3, 4, 5, Score, 
UC Santa Barb. (2-2), 22, 25, 21, 25, 23, 2, 
Denver (3-1), 25, 19, 25, 11, 25, 3, 
~
UC Santa Barb., 
, -- Attack --, , -- Serve --, , -- Block --, , , 
#, Player, SP, K, E, TA, K%, A, SA, SE, RE, DIGS, BS, BA, BE, BHE, PTS, 
1, Zoe Fleck, 5, 0, 0, 0, .000, 2, 0, 1, 0, 7, 0, 0, 0, 0, 0.0, 
2, Rowan Ennis, 5, 11, 1, 21, .476, 0, 1, 2, 0, 4, 0, 5, 0, 0, 14.5, 
4, Lindsey Ruddins, 5, 27, 6, 70, .300, 0, 0, 3, 1, 12, 2, 2, 0, 1, 30.0, 
5, Tallulah Froley, 2, 1, 2, 5, -.200, 0, 0, 0, 0, 1, 0, 0, 0, 0, 1.0, 
8, Emilia Petrachi, 5, 0, 0, 0, .000, 2, 0, 0, 1, 20, 0, 0, 0, 0, 0.0, 
10, Olivia Lovenberg, 5, 4, 0, 5, .800, 55, 0, 0, 0, 10, 1, 2, 0, 4, 6.0, 
11, Charlie Robinson, 5, 14, 3, 26, .423, 0, 0, 0, 0, 1, 0, 2, 1, 0, 15.0, 
18, Annie Hasselmann, 5, 2, 2, 8, .000, 0, 0, 0, 0, 1, 0, 0, 0, 0, 2.0, 
20, Lexi Rottman, 5, 0, 0, 0, .000, 1, 0, 1, 0, 1, 0, 0, 0, 1, 0.0, 
23, Torre Glasker, 5, 8, 4, 28, .143, 2, 0, 2, 4, 14, 0, 3, 0, 0, 9.5, 
Totals, 67, 18, 163, .301, 62, 1, 9, 6, 71, 3, 14, 1, 6, 78.0, 
~
Denver, 
, -- Attack --, , -- Serve --, , -- Block --, , , 
#, Player, SP, K, E, TA, K%, A, SA, SE, RE, DIGS, BS, BA, BE, BHE, PTS, 
1, Graceyn Tippens, 2, 0, 0, 2, .000, 0, 0, 0, 0, 0, 0, 0, 0, 0, 0.0, 
2, Katarina Marinkovic, 5, 8, 4, 27, .148, 1, 0, 1, 0, 8, 0, 0, 0, 1, 8.0, 
3, Andrea Eddy, 5, 0, 0, 0, .000, 23, 1, 1, 0, 10, 0, 0, 0, 5, 1.0, 
5, Olivia Novotny, 5, 0, 0, 0, .000, 2, 0, 1, 0, 17, 0, 0, 0, 2, 0.0, 
6, Ellie Anderson, 5, 4, 0, 5, .800, 29, 1, 3, 0, 11, 0, 0, 0, 1, 5.0, 
7, Lauren McManus, 1, 0, 0, 0, .000, 0, 0, 0, 0, 0, 0, 0, 0, 0, 0.0, 
8, Becca Latham, 5, 11, 5, 30, .200, 0, 0, 0, 0, 1, 0, 1, 0, 0, 11.5, 
10, Lydia Bartalo, 5, 13, 9, 48, .083, 5, 2, 3, 0, 8, 0, 2, 0, 0, 16.0, 
12, Macy Carrabine, 4, 0, 0, 0, .000, 0, 0, 1, 0, 2, 0, 0, 0, 0, 0.0, 
13, Tina Boe, 5, 16, 3, 25, .520, 0, 2, 0, 0, 7, 0, 2, 1, 0, 19.0, 
14, Taylor Joachim, 5, 4, 3, 16, .062, 0, 0, 0, 0, 3, 0, 2, 0, 0, 5.0, 
15, Emma Willis, 5, 9, 2, 20, .350, 0, 0, 0, 0, 2, 0, 3, 0, 0, 10.5, 
TM, TEAM, 1, 0, 0, 0, .000, 0, 0, 0, 1, 0, 0, 0, 0, 0, 0.0, 
Totals, 65, 26, 173, .225, 60, 6, 10, 1, 69, 0, 10, 1, 9, 76.0, 
~
