Final, 1, 2, 3, Score, 
Indiana St. (2-0), 26, 26, 25, 3, 
Purdue Fort Wayne (0-1), 24, 24, 23, 0, 
~
Indiana St., 
, -- Attack --, , -- Serve --, , -- Block --, , , 
#, Player, SP, K, E, TA, K%, A, SA, SE, RE, DIGS, BS, BA, BE, BHE, PTS, 
1, Melina Tedrow, 3, 0, 0, 0, .000, 1, 1, 0, 0, 5, 0, 0, 0, 0, 1.0, 
2, Devynn Merriman, 3, 0, 0, 0, .000, 0, 0, 0, 0, 3, 0, 0, 0, 0, 0.0, 
5, Chloe Carenza, 3, 0, 0, 0, .000, 0, 1, 2, 0, 0, 0, 0, 0, 0, 1.0, 
8, Rhiannon Morozoff, 3, 10, 2, 28, .286, 0, 0, 0, 0, 1, 0, 0, 0, 0, 10.0, 
9, Damadj Johnson, 3, 10, 1, 16, .562, 0, 0, 0, 0, 1, 0, 1, 0, 0, 10.5, 
10, Makayla Knoblauch, 3, 4, 0, 4, 1.000, 37, 0, 0, 0, 4, 0, 3, 0, 1, 5.5, 
12, Laura Gross, 3, 8, 3, 32, .156, 2, 0, 2, 0, 10, 1, 1, 0, 0, 9.5, 
13, Jade York, 3, 0, 0, 0, .000, 0, 0, 0, 2, 13, 0, 0, 0, 0, 0.0, 
14, Cassie Kawa, 3, 8, 1, 14, .500, 1, 0, 0, 0, 1, 0, 3, 0, 0, 9.5, 
20, Madeline Williams, 3, 4, 1, 9, .333, 0, 0, 0, 0, 2, 0, 0, 0, 0, 4.0, 
Totals, 44, 8, 103, .350, 41, 2, 4, 2, 40, 1, 8, 0, 1, 51.0, 
~
Purdue Fort Wayne, 
, -- Attack --, , -- Serve --, , -- Block --, , , 
#, Player, SP, K, E, TA, K%, A, SA, SE, RE, DIGS, BS, BA, BE, BHE, PTS, 
1, Madison Jaqua, 3, 2, 1, 4, .250, 47, 0, 0, 0, 6, 0, 0, 1, 1, 2.0, 
3, Elizabeth Britner, 3, 0, 0, 0, .000, 2, 0, 2, 0, 14, 0, 0, 0, 0, 0.0, 
4, Victoria Mills, 3, 0, 0, 0, .000, 1, 0, 1, 0, 4, 0, 0, 0, 0, 0.0, 
5, Je'Bria Green, 1, 0, 2, 2, -1.000, 2, 0, 0, 0, 0, 0, 1, 1, 0, 0.5, 
8, Elizabeth Fuerst, 3, 15, 2, 26, .500, 0, 0, 0, 0, 0, 0, 1, 0, 0, 15.5, 
9, Katie Crowe, 3, 12, 3, 21, .429, 0, 1, 2, 0, 7, 0, 0, 0, 0, 13.0, 
10, Sandra Hoevels, 3, 3, 1, 4, .500, 2, 0, 0, 0, 0, 0, 1, 0, 0, 3.5, 
13, Sydney Boerst, 3, 9, 3, 17, .353, 0, 1, 1, 0, 2, 0, 0, 0, 0, 10.0, 
24, Nicole Rightnowar, 3, 15, 10, 48, .104, 1, 0, 0, 0, 11, 0, 1, 0, 0, 15.5, 
TM, TEAM, 2, 0, 0, 0, .000, 0, 0, 0, 2, 0, 0, 0, 0, 0, 0.0, 
Totals, 56, 22, 122, .279, 55, 2, 6, 2, 44, 0, 4, 2, 1, 60.0, 
~
