Final, 1, 2, 3, Score, 
North Dakota (14-18 (6-9)), 23, 21, 16, 0, 
Purdue Fort Wayne (18-13 (8-8)), 25, 25, 25, 3, 
~
North Dakota, 
, -- Attack --, , -- Serve --, , -- Block --, , , 
#, Player, SP, K, E, TA, K%, A, SA, SE, RE, DIGS, BS, BA, BE, BHE, PTS, 
1, Darian Chwialkowski, 3, 5, 8, 19, -.158, 0, 0, 0, 2, 1, 0, 1, 0, 0, 5.5, 
4, Taliyah Flores, 3, 1, 3, 17, -.118, 2, 1, 1, 0, 9, 0, 0, 1, 0, 2.0, 
5, Alivia Fraase, 3, 0, 0, 1, .000, 1, 0, 0, 1, 11, 0, 0, 0, 0, 0.0, 
7, Lexi Ahrens, 3, 6, 2, 15, .267, 0, 0, 0, 1, 3, 0, 3, 1, 0, 7.5, 
8, Lydia Rutten, 2, 0, 0, 2, .000, 0, 0, 0, 0, 0, 0, 0, 0, 0, 0.0, 
9, Roosa Rautio, 3, 1, 0, 2, .500, 26, 1, 2, 0, 4, 0, 0, 0, 0, 2.0, 
12, Jordan Vail, 3, 9, 1, 17, .471, 1, 0, 0, 0, 0, 1, 3, 0, 0, 11.5, 
14, Kelly Wahl, 2, 0, 0, 0, .000, 0, 0, 0, 0, 0, 0, 0, 0, 0, 0.0, 
15, Taylor Riedl, 2, 4, 1, 13, .231, 0, 0, 1, 0, 2, 0, 0, 0, 0, 4.0, 
16, Maggie Smith, 2, 2, 0, 3, .667, 0, 0, 0, 1, 2, 0, 0, 0, 0, 2.0, 
17, Tamika Brekke, 3, 0, 0, 0, .000, 1, 0, 0, 1, 15, 0, 0, 0, 0, 0.0, 
18, Ashley Brueggeman, 3, 5, 1, 17, .235, 0, 0, 0, 0, 5, 0, 5, 0, 0, 7.5, 
Totals, 33, 16, 106, .160, 31, 2, 4, 6, 52, 1, 12, 2, 0, 42.0, 
~
Purdue Fort Wayne, 
, -- Attack --, , -- Serve --, , -- Block --, , , 
#, Player, SP, K, E, TA, K%, A, SA, SE, RE, DIGS, BS, BA, BE, BHE, PTS, 
1, Madison Jaqua, 3, 0, 0, 1, .000, 25, 1, 0, 0, 3, 0, 0, 0, 0, 1.0, 
2, Julia Wayer, 1, 0, 0, 0, .000, 0, 0, 0, 1, 0, 0, 0, 0, 0, 0.0, 
3, Elizabeth Britner, 3, 0, 0, 0, .000, 4, 0, 1, 0, 14, 0, 0, 0, 0, 0.0, 
4, Victoria Mills, 3, 0, 0, 0, .000, 16, 1, 0, 0, 4, 0, 0, 0, 0, 1.0, 
5, Je'Bria Green, 3, 5, 1, 14, .286, 0, 0, 0, 0, 6, 0, 3, 0, 0, 6.5, 
7, Taylor Duddleston, 2, 0, 0, 0, .000, 0, 1, 0, 0, 1, 0, 0, 0, 0, 1.0, 
8, Elizabeth Fuerst, 3, 12, 2, 23, .435, 0, 0, 0, 0, 4, 0, 0, 0, 0, 12.0, 
9, Katie Crowe, 3, 2, 3, 12, -.083, 0, 2, 4, 0, 7, 0, 0, 0, 0, 4.0, 
13, Sydney Boerst, 3, 4, 3, 13, .077, 1, 0, 1, 0, 2, 0, 2, 0, 0, 5.0, 
14, Madelyn Wurster, 3, 14, 4, 30, .333, 0, 0, 0, 0, 1, 1, 3, 0, 0, 16.5, 
24, Nicole Rightnowar, 3, 12, 5, 32, .219, 0, 1, 1, 0, 10, 0, 2, 0, 0, 14.0, 
TM, TEAM, 1, 0, 0, 0, .000, 0, 0, 0, 1, 0, 0, 0, 0, 0, 0.0, 
Totals, 49, 18, 125, .248, 46, 6, 7, 2, 52, 1, 10, 0, 0, 61.0, 
~
