Final, 1, 2, 3, Score, 
Oral Roberts (7-14 (4-5 Summit)), 20, 17, 25, 0, 
South Dakota (14-8 (8-2 Summit)), 25, 25, 27, 3, 
~
Oral Roberts, 
, -- Attack --, , -- Serve --, , -- Block --, , , 
#, Player, SP, K, E, TA, K%, A, SA, SE, RE, DIGS, BS, BA, BE, BHE, PTS, 
1, Tori Roe, 3, 0, 0, 0, .000, 3, 0, 1, 0, 19, 0, 0, 0, 0, 0.0, 
3, Mya King, 3, 0, 0, 0, .000, 0, 0, 2, 0, 1, 0, 0, 0, 0, 0.0, 
6, Inka Inkret, 3, 15, 6, 45, .200, 1, 0, 2, 0, 12, 0, 1, 0, 0, 15.5, 
10, Bria Bergman, 3, 3, 0, 6, .500, 34, 0, 0, 0, 12, 0, 1, 0, 1, 3.5, 
11, Taylan Nero, 1, 1, 2, 8, -.125, 0, 0, 0, 0, 2, 0, 1, 0, 0, 1.5, 
12, Bri Greenlee, 3, 8, 1, 22, .318, 0, 0, 0, 0, 1, 0, 2, 3, 0, 9.0, 
13, Sarah Thiessen, 2, 0, 0, 0, .000, 0, 1, 0, 0, 3, 0, 0, 0, 0, 1.0, 
14, Katarina Mikulic, 2, 4, 3, 19, .053, 1, 0, 0, 0, 7, 0, 1, 2, 0, 4.5, 
15, Morgan Blomquist, 3, 5, 0, 17, .294, 0, 0, 0, 0, 1, 0, 4, 0, 0, 7.0, 
17, CeCe Madison, 3, 4, 4, 24, .000, 1, 0, 3, 0, 13, 0, 2, 0, 0, 5.0, 
TM, TEAM, 1, 0, 0, 0, .000, 0, 0, 0, 1, 0, 0, 0, 0, 0, 0.0, 
Totals, 40, 16, 141, .170, 40, 1, 8, 1, 71, 0, 12, 5, 1, 47.0, 
~
South Dakota, 
, -- Attack --, , -- Serve --, , -- Block --, , , 
#, Player, SP, K, E, TA, K%, A, SA, SE, RE, DIGS, BS, BA, BE, BHE, PTS, 
2, Claire Gerdes, 3, 11, 1, 21, .476, 0, 0, 0, 0, 0, 0, 3, 1, 0, 12.5, 
3, Taylor Wilson, 3, 11, 2, 26, .346, 0, 0, 1, 0, 3, 0, 4, 0, 0, 13.0, 
4, Madison Jurgens, 3, 2, 1, 7, .143, 44, 0, 4, 0, 8, 0, 1, 1, 1, 2.5, 
5, Jenna Wagemester, 2, 0, 1, 15, -.067, 0, 0, 0, 0, 1, 0, 0, 0, 0, 0.0, 
6, Hayley Dotseth, 3, 16, 4, 48, .250, 0, 0, 1, 0, 13, 0, 2, 1, 0, 17.0, 
9, Kristina Susak, 1, 1, 1, 6, .000, 0, 0, 0, 0, 0, 0, 0, 0, 0, 1.0, 
12, Elizabeth Loschen, 3, 9, 1, 22, .364, 0, 0, 0, 0, 3, 0, 4, 0, 0, 11.0, 
14, Lolo Weideman, 3, 0, 1, 3, -.333, 1, 0, 0, 0, 16, 0, 0, 0, 0, 0.0, 
15, Anne Rasmussen, 3, 0, 0, 0, .000, 1, 0, 2, 0, 21, 0, 0, 0, 0, 0.0, 
16, Mehana Fonseca, 3, 0, 0, 0, .000, 2, 1, 0, 0, 10, 0, 0, 0, 0, 1.0, 
TM, TEAM, 1, 0, 0, 0, .000, 0, 0, 0, 1, 0, 0, 0, 0, 0, 0.0, 
Totals, 50, 12, 148, .257, 48, 1, 8, 1, 75, 0, 14, 3, 1, 58.0, 
~
