Final, 1, 2, 3, Score, 
UTEP (2-4), 12, 22, 21, 0, 
Omaha (3-3), 25, 25, 25, 3, 
~
UTEP, 
, -- Attack --, , -- Serve --, , -- Block --, , , 
#, Player, SP, K, E, TA, K%, A, SA, SE, RE, DIGS, BS, BA, BE, BHE, PTS, 
1, PATTERSON, Serena, 2, 0, 5, 19, -.263, 0, 0, 0, 0, 1, 1, 2, 1, 0, 2.0, 
2, VIDALI, Ali, 1, 0, 0, 0, .000, 0, 0, 0, 0, 0, 0, 0, 0, 0, 0.0, 
3, BUSTILLOS, Briana, 3, 0, 0, 0, .000, 1, 0, 1, 2, 10, 0, 0, 0, 0, 0.0, 
4, CEBAK, Niki, 3, 0, 0, 0, .000, 0, 0, 0, 0, 0, 0, 0, 0, 0, 0.0, 
6, YOST, Mallory, 1, 1, 0, 4, .250, 0, 0, 1, 0, 0, 0, 0, 0, 0, 1.0, 
10, ARELLANO, Briana, 3, 3, 3, 6, .000, 1, 0, 0, 2, 4, 0, 0, 0, 0, 3.0, 
11, JONES, Cheyenne, 3, 7, 4, 28, .107, 0, 0, 0, 0, 2, 0, 2, 0, 0, 8.0, 
12, AUSTIN, Macey, 3, 12, 2, 28, .357, 0, 0, 1, 1, 10, 0, 1, 0, 0, 12.5, 
13, KRAGHOLM, Martine, 3, 4, 1, 11, .273, 0, 0, 0, 0, 1, 0, 4, 0, 0, 6.0, 
15, FRITSCHE, Kristen, 3, 1, 0, 2, .500, 25, 0, 0, 0, 7, 0, 1, 0, 0, 1.5, 
16, TORRES, Alex, 3, 0, 0, 0, .000, 0, 2, 0, 0, 5, 0, 0, 0, 0, 2.0, 
18, BAUMGARTNER, Kylie, 2, 1, 0, 7, .143, 0, 0, 0, 0, 0, 0, 2, 0, 0, 2.0, 
TM, TEAM, 1, 0, 0, 0, .000, 0, 0, 0, 1, 0, 0, 0, 0, 0, 0.0, 
Totals, 29, 15, 105, .133, 27, 2, 3, 6, 40, 1, 12, 1, 0, 38.0, 
~
Omaha, 
, -- Attack --, , -- Serve --, , -- Block --, , , 
#, Player, SP, K, E, TA, K%, A, SA, SE, RE, DIGS, BS, BA, BE, BHE, PTS, 
1, Courtney Morehead, 3, 0, 0, 0, .000, 0, 1, 0, 0, 9, 0, 0, 0, 0, 1.0, 
3, Abby Bergsten, 3, 4, 4, 14, .000, 1, 0, 0, 0, 0, 0, 1, 0, 0, 4.5, 
5, Kenzie Michalek, 3, 0, 0, 0, .000, 1, 0, 2, 0, 12, 0, 0, 0, 0, 0.0, 
6, Isabella Sade, 3, 10, 3, 15, .467, 0, 1, 0, 0, 3, 0, 1, 0, 0, 11.5, 
8, Claire Mountjoy, 3, 0, 0, 0, .000, 1, 2, 3, 0, 14, 0, 0, 0, 0, 2.0, 
10, Sadie Limback, 3, 7, 2, 12, .417, 0, 0, 0, 0, 2, 1, 1, 0, 0, 8.5, 
11, Anna Blaschko, 3, 15, 3, 32, .375, 0, 0, 0, 1, 1, 1, 2, 0, 0, 17.0, 
14, Claire Leonard, 3, 11, 2, 29, .310, 0, 0, 0, 0, 2, 0, 0, 0, 0, 11.0, 
16, Maggie Meyer, 3, 0, 0, 1, .000, 1, 2, 2, 1, 5, 0, 0, 0, 0, 2.0, 
17, Mackenzie Horkey, 1, 2, 1, 5, .200, 0, 0, 0, 0, 0, 0, 0, 0, 0, 2.0, 
24, Sydney Case, 3, 2, 1, 4, .250, 44, 0, 0, 0, 6, 0, 1, 0, 1, 2.5, 
Totals, 51, 16, 112, .312, 48, 6, 7, 2, 54, 2, 6, 0, 1, 62.0, 
~
