Final, 1, 2, 3, 4, Score, 
Denver (12-1, 1-0 SL), 24, 25, 25, 25, 3, 
Oral Roberts (3-10, 0-1 SL), 26, 19, 18, 23, 1, 
~
Denver, 
, -- Attack --, , -- Serve --, , -- Block --, , , 
#, Player, SP, K, E, TA, K%, A, SA, SE, RE, DIGS, BS, BA, BE, BHE, PTS, 
2, Katarina Marinkovic, 4, 13, 2, 37, .297, 0, 0, 3, 1, 8, 0, 4, 0, 0, 15.0, 
3, Andrea Eddy, 4, 0, 2, 2, -1.000, 21, 2, 3, 0, 6, 0, 0, 0, 0, 2.0, 
5, Olivia Novotny, 3, 0, 0, 0, .000, 0, 0, 1, 0, 1, 0, 0, 0, 0, 0.0, 
6, Ellie Anderson, 4, 0, 0, 2, .000, 31, 3, 1, 0, 9, 0, 0, 0, 0, 3.0, 
8, Becca Latham, 4, 13, 6, 31, .226, 0, 0, 0, 0, 2, 0, 4, 0, 0, 15.0, 
10, Lydia Bartalo, 4, 14, 5, 35, .257, 0, 2, 2, 0, 16, 0, 0, 1, 0, 16.0, 
12, Macy Carrabine, 4, 0, 0, 3, .000, 6, 0, 1, 0, 19, 0, 0, 0, 0, 0.0, 
13, Tina Boe, 4, 8, 3, 22, .227, 0, 0, 0, 0, 0, 0, 8, 0, 0, 12.0, 
14, Taylor Joachim, 4, 4, 1, 13, .231, 0, 0, 0, 0, 0, 0, 4, 0, 0, 6.0, 
15, Emma Willis, 4, 9, 2, 14, .500, 1, 0, 0, 0, 1, 0, 4, 0, 0, 11.0, 
TM, TEAM, 1, 0, 0, 0, .000, 0, 0, 0, 1, 0, 0, 0, 0, 0, 0.0, 
Totals, 61, 21, 159, .252, 59, 7, 11, 2, 62, 0, 24, 1, 0, 80.0, 
~
Oral Roberts, 
, -- Attack --, , -- Serve --, , -- Block --, , , 
#, Player, SP, K, E, TA, K%, A, SA, SE, RE, DIGS, BS, BA, BE, BHE, PTS, 
1, Tori Roe, 4, 0, 0, 0, .000, 5, 0, 0, 0, 19, 0, 0, 0, 0, 0.0, 
3, Mya King, 4, 0, 0, 0, .000, 0, 0, 2, 0, 1, 0, 0, 0, 0, 0.0, 
6, Inka Inkret, 3, 5, 2, 11, .273, 0, 0, 0, 0, 1, 0, 2, 0, 0, 6.0, 
10, Bria Bergman, 4, 6, 2, 13, .308, 40, 1, 0, 0, 16, 0, 2, 0, 1, 8.0, 
11, Taylan Nero, 4, 5, 1, 10, .400, 0, 0, 0, 0, 2, 0, 2, 0, 0, 6.0, 
12, Bri Greenlee, 2, 0, 4, 9, -.444, 0, 0, 0, 0, 0, 0, 0, 1, 0, 0.0, 
13, Sarah Thiessen, 4, 0, 0, 0, .000, 1, 0, 0, 0, 8, 0, 0, 0, 0, 0.0, 
14, Katarina Mikulic, 4, 12, 5, 32, .219, 1, 0, 2, 2, 8, 0, 1, 2, 0, 12.5, 
15, Morgan Blomquist, 4, 9, 2, 17, .412, 0, 0, 0, 0, 2, 1, 6, 1, 0, 13.0, 
16, Lara Picht, 3, 6, 5, 34, .029, 1, 0, 0, 1, 2, 0, 1, 0, 0, 6.5, 
17, CeCe Madison, 4, 7, 3, 20, .200, 1, 1, 2, 3, 8, 0, 2, 1, 0, 9.0, 
TM, TEAM, 2, 0, 0, 0, .000, 0, 0, 0, 1, 0, 0, 0, 0, 0, 0.0, 
Totals, 50, 24, 146, .178, 49, 2, 6, 7, 67, 1, 16, 5, 1, 61.0, 
~
