Final, 1, 2, 3, Score, 
Omaha (4-5), 11, 24, 22, 0, 
Kansas St. (8-1), 25, 26, 25, 3, 
~
Omaha, 
, -- Attack --, , -- Serve --, , -- Block --, , , 
#, Player, SP, K, E, TA, K%, A, SA, SE, RE, DIGS, BS, BA, BE, BHE, PTS, 
1, Courtney Morehead, 3, 0, 0, 0, .000, 0, 1, 1, 0, 4, 0, 0, 0, 0, 1.0, 
3, Abby Bergsten, 3, 4, 5, 22, -.045, 0, 0, 0, 0, 1, 0, 0, 0, 0, 4.0, 
5, Kenzie Michalek, 3, 0, 1, 1, -1.000, 1, 0, 1, 1, 6, 0, 0, 0, 0, 0.0, 
6, Isabella Sade, 3, 8, 4, 17, .235, 0, 2, 1, 1, 3, 0, 4, 0, 0, 12.0, 
8, Claire Mountjoy, 3, 0, 0, 0, .000, 1, 0, 1, 0, 12, 0, 0, 0, 0, 0.0, 
10, Sadie Limback, 3, 7, 4, 21, .143, 0, 0, 1, 1, 5, 0, 2, 0, 0, 8.0, 
11, Anna Blaschko, 3, 5, 1, 11, .364, 0, 0, 0, 0, 2, 0, 1, 0, 0, 5.5, 
14, Claire Leonard, 3, 9, 5, 32, .125, 0, 0, 0, 0, 3, 0, 1, 0, 0, 9.5, 
16, Maggie Meyer, 1, 0, 0, 1, .000, 0, 0, 0, 2, 5, 0, 0, 0, 0, 0.0, 
17, Mackenzie Horkey, 3, 1, 0, 7, .143, 0, 1, 2, 1, 2, 0, 0, 0, 0, 2.0, 
24, Sydney Case, 3, 1, 0, 1, 1.000, 33, 0, 3, 0, 6, 0, 2, 0, 0, 2.0, 
Totals, 35, 20, 113, .133, 35, 4, 10, 6, 49, 0, 10, 0, 0, 44.0, 
~
Kansas St., 
, -- Attack --, , -- Serve --, , -- Block --, , , 
#, Player, SP, K, E, TA, K%, A, SA, SE, RE, DIGS, BS, BA, BE, BHE, PTS, 
1, Reilly Killeen, 3, 0, 0, 0, .000, 0, 0, 0, 0, 4, 0, 0, 0, 0, 0.0, 
3, Alyssa Schultejans, 3, 10, 3, 28, .250, 0, 4, 0, 0, 5, 0, 0, 0, 0, 14.0, 
4, Sarah Dixon, 3, 2, 1, 10, .100, 29, 1, 1, 0, 10, 0, 0, 0, 1, 3.0, 
6, Jacque Smith, 1, 0, 0, 0, .000, 0, 0, 0, 0, 3, 0, 0, 0, 0, 0.0, 
7, Kylee Zumach, 3, 9, 6, 28, .107, 0, 0, 0, 4, 11, 1, 4, 1, 0, 12.0, 
11, Peyton Williams, 3, 9, 2, 20, .350, 0, 0, 0, 0, 1, 0, 0, 0, 0, 9.0, 
12, Macy Flowers, 3, 4, 0, 8, .500, 2, 0, 1, 0, 3, 0, 8, 0, 0, 8.0, 
16, Zsofia Gyimes, 3, 0, 0, 0, .000, 0, 0, 0, 0, 0, 0, 0, 0, 0, 0.0, 
18, Gloria Mutiri, 3, 5, 2, 20, .150, 0, 1, 1, 0, 5, 0, 4, 0, 0, 8.0, 
21, Devan Fairfield, 3, 0, 0, 0, .000, 2, 0, 0, 0, 13, 0, 0, 0, 0, 0.0, 
Totals, 39, 14, 114, .219, 33, 6, 3, 4, 55, 1, 16, 1, 1, 54.0, 
~
