Final, 1, 2, 3, Score, 
Saint Peter's (2-10), 7, 9, 11, 0, 
Denver (7-1), 25, 25, 25, 3, 
~
Saint Peter's, 
, -- Attack --, , -- Serve --, , -- Block --, , , 
#, Player, SP, K, E, TA, K%, A, SA, SE, RE, DIGS, BS, BA, BE, BHE, PTS, 
1, McGinnis,Kenyale, 3, 1, 2, 7, -.143, 0, 0, 0, 0, 0, 0, 0, 0, 0, 1.0, 
3, Spicer,Imani, 3, 0, 0, 1, .000, 2, 0, 0, 0, 0, 0, 0, 0, 1, 0.0, 
5, Ng,Angelee, 1, 0, 0, 0, .000, 0, 0, 0, 0, 0, 0, 0, 0, 0, 0.0, 
6, Velez,Natalia, 3, 4, 5, 16, -.062, 0, 0, 0, 0, 1, 0, 0, 0, 0, 4.0, 
8, Alvarado,Alanis, 3, 1, 4, 14, -.214, 1, 0, 1, 1, 5, 0, 1, 0, 0, 1.5, 
9, Torres,N Carbonell, 1, 2, 1, 6, .167, 0, 0, 0, 0, 1, 0, 0, 0, 0, 2.0, 
10, Lopez-Jimenez,Y, 1, 0, 0, 0, .000, 0, 0, 1, 0, 0, 0, 0, 0, 0, 0.0, 
12, Ruiz,Carolina, 3, 0, 0, 1, .000, 3, 1, 0, 0, 4, 0, 0, 0, 1, 1.0, 
13, Rivera,Stephanie, 3, 0, 0, 4, .000, 0, 0, 1, 0, 0, 0, 0, 1, 0, 0.0, 
16, Johnson,Rachael, 2, 1, 3, 5, -.400, 0, 0, 0, 0, 0, 0, 2, 0, 0, 2.0, 
17, Castro,Gabriela, 2, 0, 0, 0, .000, 0, 0, 1, 0, 0, 0, 0, 0, 0, 0.0, 
18, Curbelo,Angelleyshka, 3, 1, 5, 15, -.267, 0, 0, 0, 2, 0, 0, 1, 0, 0, 1.5, 
21, Lombeyda,Andrea, 3, 0, 0, 1, .000, 0, 0, 0, 3, 1, 0, 0, 0, 0, 0.0, 
TM, TEAM, 1, 0, 0, 0, .000, 0, 0, 0, 1, 0, 0, 0, 0, 0, 0.0, 
Totals, 10, 20, 70, -.143, 6, 1, 4, 7, 12, 0, 4, 1, 2, 13.0, 
~
Denver, 
, -- Attack --, , -- Serve --, , -- Block --, , , 
#, Player, SP, K, E, TA, K%, A, SA, SE, RE, DIGS, BS, BA, BE, BHE, PTS, 
2, Katarina Marinkovic, 3, 8, 0, 16, .500, 2, 0, 1, 1, 4, 0, 4, 0, 0, 10.0, 
3, Andrea Eddy, 3, 0, 0, 0, .000, 12, 0, 1, 0, 2, 0, 0, 0, 0, 0.0, 
5, Olivia Novotny, 2, 0, 0, 0, .000, 0, 0, 0, 0, 0, 0, 0, 0, 0, 0.0, 
6, Ellie Anderson, 3, 0, 0, 0, .000, 11, 1, 1, 0, 7, 0, 0, 0, 0, 1.0, 
7, Lauren McManus, 2, 0, 0, 0, .000, 0, 1, 1, 0, 1, 0, 0, 0, 0, 1.0, 
8, Becca Latham, 3, 11, 2, 18, .500, 1, 0, 0, 0, 3, 0, 3, 0, 0, 12.5, 
9, Mara Abernethy, 2, 3, 0, 4, .750, 0, 0, 0, 0, 0, 1, 3, 0, 0, 5.5, 
10, Lydia Bartalo, 3, 3, 1, 4, .500, 3, 3, 1, 0, 4, 0, 0, 1, 0, 6.0, 
11, Michelle Feliciano, 2, 0, 1, 1, -1.000, 5, 1, 0, 0, 3, 0, 0, 0, 0, 1.0, 
12, Macy Carrabine, 3, 0, 0, 0, .000, 1, 1, 1, 0, 11, 0, 0, 0, 0, 1.0, 
13, Tina Boe, 3, 5, 0, 6, .833, 2, 0, 2, 0, 0, 0, 1, 0, 0, 5.5, 
14, Taylor Joachim, 3, 3, 0, 3, 1.000, 0, 0, 0, 0, 0, 0, 1, 0, 0, 3.5, 
15, Emma Willis, 3, 1, 0, 2, .500, 0, 0, 0, 0, 1, 0, 4, 0, 0, 3.0, 
17, Katie Mahoney, 2, 5, 4, 9, .111, 0, 0, 0, 0, 0, 0, 0, 0, 0, 5.0, 
Totals, 39, 8, 63, .492, 37, 7, 8, 1, 36, 1, 16, 1, 0, 55.0, 
~
