Final, 1, 2, 3, 4, Score, 
Denver (16-1, 5-0 Summit), 25, 23, 25, 25, 3, 
North Dakota (12-10, 4-3 Summit), 20, 25, 17, 20, 1, 
~
Denver, 
, -- Attack --, , -- Serve --, , -- Block --, , , 
#, Player, SP, K, E, TA, K%, A, SA, SE, RE, DIGS, BS, BA, BE, BHE, PTS, 
1, Graceyn Tippens, 1, 0, 2, 3, -.667, 0, 0, 0, 0, 0, 0, 1, 0, 0, 0.5, 
2, Katarina Marinkovic, 4, 11, 8, 27, .111, 1, 3, 2, 0, 5, 0, 0, 0, 0, 14.0, 
3, Andrea Eddy, 4, 0, 0, 1, .000, 24, 0, 2, 1, 5, 0, 0, 0, 0, 0.0, 
6, Ellie Anderson, 4, 1, 0, 2, .500, 29, 0, 2, 0, 5, 0, 0, 0, 0, 1.0, 
7, Lauren McManus, 4, 0, 0, 0, .000, 0, 0, 0, 0, 4, 0, 0, 0, 0, 0.0, 
8, Becca Latham, 4, 12, 6, 35, .171, 0, 0, 0, 0, 3, 0, 1, 0, 0, 12.5, 
10, Lydia Bartalo, 4, 9, 5, 24, .167, 0, 1, 2, 1, 11, 0, 2, 1, 0, 11.0, 
12, Macy Carrabine, 4, 0, 0, 0, .000, 3, 2, 1, 0, 27, 0, 0, 0, 0, 2.0, 
13, Tina Boe, 4, 12, 2, 23, .435, 1, 2, 1, 0, 1, 0, 4, 0, 0, 16.0, 
14, Taylor Joachim, 4, 6, 2, 20, .200, 0, 0, 0, 0, 0, 0, 1, 0, 0, 6.5, 
15, Emma Willis, 4, 9, 1, 16, .500, 0, 0, 0, 0, 0, 1, 1, 0, 0, 10.5, 
Totals, 60, 26, 151, .225, 58, 8, 10, 2, 61, 1, 10, 1, 0, 74.0, 
~
North Dakota, 
, -- Attack --, , -- Serve --, , -- Block --, , , 
#, Player, SP, K, E, TA, K%, A, SA, SE, RE, DIGS, BS, BA, BE, BHE, PTS, 
1, Darian Chwialkowski, 4, 5, 6, 24, -.042, 1, 0, 1, 2, 7, 0, 1, 0, 0, 5.5, 
2, Brynn Nieukirk, 4, 7, 4, 22, .136, 0, 0, 0, 0, 3, 1, 1, 0, 0, 8.5, 
4, Taliyah Flores, 4, 0, 0, 0, .000, 0, 0, 1, 1, 22, 0, 0, 0, 0, 0.0, 
5, Alivia Fraase, 4, 0, 0, 0, .000, 1, 0, 0, 4, 8, 0, 0, 0, 0, 0.0, 
8, Lydia Rutten, 4, 4, 3, 13, .077, 0, 0, 0, 0, 0, 2, 4, 0, 0, 8.0, 
9, Roosa Rautio, 4, 1, 1, 9, .000, 36, 2, 1, 0, 3, 1, 3, 0, 0, 5.5, 
12, Jordan Vail, 4, 8, 4, 26, .154, 0, 0, 0, 0, 2, 1, 2, 0, 0, 10.0, 
15, Taylor Riedl, 3, 1, 1, 9, .000, 0, 0, 0, 0, 0, 0, 0, 0, 0, 1.0, 
16, Maggie Smith, 3, 0, 0, 0, .000, 0, 0, 0, 0, 0, 0, 0, 0, 0, 0.0, 
17, Tamika Brekke, 4, 0, 0, 1, .000, 0, 0, 1, 1, 6, 0, 0, 0, 0, 0.0, 
18, Ashley Brueggeman, 4, 14, 6, 28, .286, 0, 0, 0, 0, 5, 0, 1, 0, 0, 14.5, 
Totals, 40, 25, 132, .114, 38, 2, 4, 8, 56, 5, 12, 0, 0, 53.0, 
~
