Final, 1, 2, 3, 4, 5, Score, 
South Dakota State (2-7), 23, 25, 17, 25, 15, 3, 
Eastern Illinois (2-7), 25, 22, 25, 22, 8, 2, 
~
South Dakota State, 
, -- Attack --, , -- Serve --, , -- Block --, , , 
#, Player, SP, K, E, TA, K%, A, SA, SE, RE, DIGS, BS, BA, BE, BHE, PTS, 
1, Sierra Peterson, 5, 7, 6, 28, .036, 0, 0, 0, 0, 0, 0, 3, 0, 2, 8.5, 
2, Kari Brucker, 5, 0, 0, 0, .000, 1, 3, 2, 0, 22, 0, 0, 0, 0, 3.0, 
3, Makenzie Hennen, 5, 18, 6, 67, .179, 1, 2, 2, 0, 17, 0, 4, 0, 0, 22.0, 
4, Ashlynn Smith, 5, 12, 5, 27, .259, 0, 1, 0, 0, 8, 0, 4, 0, 0, 15.0, 
5, Kasey Brower, 5, 1, 0, 3, .333, 0, 0, 0, 0, 10, 0, 0, 0, 0, 1.0, 
8, E. Christopherson, 1, 0, 0, 0, .000, 0, 0, 0, 0, 0, 0, 0, 0, 0, 0.0, 
11, Payton Richardson, 5, 7, 5, 23, .087, 0, 0, 0, 0, 1, 0, 12, 1, 0, 13.0, 
12, Ellie Thein, 5, 0, 0, 1, .000, 1, 0, 1, 0, 15, 0, 0, 0, 0, 0.0, 
15, Sydney Andrews, 5, 12, 2, 32, .312, 0, 0, 2, 0, 5, 0, 2, 2, 0, 13.0, 
18, Maddie Fay, 5, 1, 1, 5, .000, 52, 3, 1, 0, 7, 0, 3, 0, 0, 5.5, 
TM, TEAM, 2, 0, 0, 0, .000, 0, 0, 0, 0, 0, 0, 0, 0, 0, 0.0, 
Totals, 58, 25, 186, .177, 55, 9, 8, 0, 85, 0, 28, 3, 2, 81.0, 
~
Eastern Illinois, 
, -- Attack --, , -- Serve --, , -- Block --, , , 
#, Player, SP, K, E, TA, K%, A, SA, SE, RE, DIGS, BS, BA, BE, BHE, PTS, 
2, MATUSIK, Morgan, 5, 14, 5, 39, .231, 0, 0, 0, 3, 1, 0, 2, 0, 0, 15.0, 
8, CUNNINGHAM, Madison, 5, 0, 0, 1, .000, 0, 0, 0, 0, 8, 0, 0, 0, 0, 0.0, 
9, CHANDLER, Bailey, 5, 1, 0, 1, 1.000, 23, 0, 1, 0, 7, 0, 0, 0, 0, 1.0, 
11, KNIGHT, Abby, 5, 7, 1, 17, .353, 1, 0, 0, 0, 3, 0, 4, 0, 0, 9.0, 
12, HUGHES, Anne, 5, 0, 0, 0, .000, 6, 0, 0, 1, 28, 0, 0, 0, 0, 0.0, 
14, FURLIN, Gina, 5, 1, 0, 2, .500, 29, 0, 0, 0, 18, 0, 0, 0, 0, 1.0, 
15, BAILEY,Laurel, 5, 17, 6, 57, .193, 3, 0, 2, 2, 25, 0, 1, 0, 0, 17.5, 
16, RUNGE, Maggie, 5, 13, 9, 35, .114, 0, 0, 0, 0, 0, 0, 4, 0, 0, 15.0, 
17, SIEG, Hannah, 5, 1, 2, 6, -.167, 0, 0, 0, 0, 1, 0, 4, 1, 0, 3.0, 
19, ALLEN, Danielle, 1, 0, 0, 0, .000, 0, 0, 0, 0, 0, 0, 0, 0, 0, 0.0, 
20, SOMMER, Katie, 5, 13, 9, 41, .098, 0, 0, 0, 0, 1, 0, 3, 0, 0, 14.5, 
TM, TEAM, 3, 0, 0, 0, .000, 0, 0, 0, 3, 0, 0, 0, 0, 0, 0.0, 
Totals, 67, 32, 199, .176, 62, 0, 3, 9, 92, 0, 18, 1, 0, 76.0, 
~
