Final, 1, 2, 3, Score, 
West Virginia (3-4), 25, 25, 25, 3, 
Western Illinois (1-7), 21, 17, 18, 0, 
~
West Virginia, 
, -- Attack --, , -- Serve --, , -- Block --, , , 
#, Player, SP, K, E, TA, K%, A, SA, SE, RE, DIGS, BS, BA, BE, BHE, PTS, 
2, Kristin Lux, 3, 9, 4, 25, .200, 0, 1, 3, 1, 13, 0, 1, 0, 0, 10.5, 
3, Marielena Somoza, 2, 0, 0, 0, .000, 0, 0, 1, 0, 2, 0, 0, 0, 0, 0.0, 
5, Katie DeMeo, 3, 8, 2, 19, .316, 0, 0, 0, 0, 0, 0, 4, 0, 0, 10.0, 
6, Lacey Zerwas, 1, 0, 0, 0, .000, 12, 0, 0, 0, 2, 0, 0, 0, 0, 0.0, 
7, Alexa Hasting, 3, 0, 0, 0, .000, 0, 0, 0, 0, 7, 0, 0, 0, 0, 0.0, 
9, Erin Slinde, 2, 2, 1, 5, .200, 22, 1, 0, 0, 3, 0, 1, 0, 0, 3.5, 
12, Gabrielle Cuckovich, 3, 0, 0, 0, .000, 1, 0, 2, 0, 9, 0, 0, 0, 0, 0.0, 
13, Natania Levak, 3, 4, 1, 16, .188, 0, 0, 2, 1, 3, 0, 2, 0, 0, 5.0, 
16, Lindsay Proctor, 3, 0, 0, 0, .000, 2, 1, 0, 1, 10, 0, 0, 0, 0, 1.0, 
17, Katelyn Evans, 3, 11, 9, 34, .059, 0, 0, 0, 0, 1, 0, 0, 0, 0, 11.0, 
19, Kristina Jordan, 3, 9, 2, 14, .500, 1, 2, 1, 1, 3, 0, 0, 0, 0, 11.0, 
TM, TEAM, 1, 0, 0, 0, .000, 0, 0, 0, 1, 0, 0, 0, 0, 0, 0.0, 
Totals, 43, 19, 113, .212, 38, 5, 9, 5, 53, 0, 8, 0, 0, 52.0, 
~
Western Illinois, 
, -- Attack --, , -- Serve --, , -- Block --, , , 
#, Player, SP, K, E, TA, K%, A, SA, SE, RE, DIGS, BS, BA, BE, BHE, PTS, 
2, Aleezah Washington, 1, 0, 0, 2, .000, 0, 0, 0, 0, 1, 0, 0, 0, 0, 0.0, 
3, Shiah Sanders, 3, 4, 1, 12, .250, 0, 0, 0, 1, 0, 0, 0, 0, 0, 4.0, 
5, Jaime Johnson, 3, 0, 0, 1, .000, 13, 0, 1, 0, 5, 0, 0, 0, 1, 0.0, 
6, Mariah Mitchell, 3, 3, 0, 8, .375, 0, 0, 0, 0, 1, 0, 1, 0, 0, 3.5, 
7, Melanie Patenaude, 3, 5, 5, 33, .000, 0, 1, 2, 2, 3, 0, 1, 0, 0, 6.5, 
8, Claire Grove, 3, 0, 0, 2, .000, 3, 0, 1, 1, 22, 0, 0, 0, 0, 0.0, 
9, Kaylee Woodard, 3, 0, 0, 0, .000, 0, 1, 0, 1, 4, 0, 0, 0, 0, 1.0, 
11, Abby Knoop, 2, 2, 3, 8, -.125, 0, 0, 0, 0, 1, 0, 0, 0, 0, 2.0, 
12, Erika Moore, 1, 0, 0, 0, .000, 0, 0, 0, 0, 1, 0, 0, 0, 0, 0.0, 
14, Cassie Hunt, 3, 0, 1, 1, -1.000, 5, 1, 2, 0, 5, 0, 0, 0, 0, 1.0, 
15, Mackenzie Steckler, 3, 8, 2, 13, .462, 1, 2, 3, 0, 1, 1, 0, 0, 0, 11.0, 
17, Riley Schumacher, 2, 1, 0, 5, .200, 0, 0, 0, 0, 0, 0, 1, 0, 0, 1.5, 
23, Jovana Bulatovic, 1, 0, 0, 1, .000, 0, 0, 1, 0, 1, 0, 1, 0, 0, 0.5, 
24, Emma Norris, 2, 0, 2, 10, -.200, 0, 0, 1, 0, 0, 0, 0, 0, 0, 0.0, 
TM, TEAM, 1, 0, 0, 0, .000, 0, 0, 0, 0, 0, 0, 0, 0, 0, 0.0, 
Totals, 23, 14, 96, .094, 22, 5, 11, 5, 45, 1, 4, 0, 1, 31.0, 
~
