Final, 1, 2, 3, Score, 
South Dakota (21-10), 14, 14, 22, 0, 
Creighton (29-4), 25, 25, 25, 3, 
~
South Dakota, 
, -- Attack --, , -- Serve --, , -- Block --, , , 
#, Player, SP, K, E, TA, K%, A, SA, SE, RE, DIGS, BS, BA, BE, BHE, PTS, 
2, Claire Gerdes, 3, 2, 2, 7, .000, 0, 0, 0, 0, 1, 0, 0, 0, 0, 2.0, 
3, Taylor Wilson, 3, 12, 1, 19, .579, 0, 0, 0, 0, 1, 0, 0, 0, 0, 12.0, 
4, Madison Jurgens, 3, 0, 2, 2, -1.000, 30, 0, 2, 0, 4, 0, 0, 0, 0, 0.0, 
5, Jenna Wagemester, 2, 2, 2, 14, .000, 0, 0, 0, 0, 1, 0, 0, 0, 0, 2.0, 
6, Hayley Dotseth, 3, 11, 6, 34, .147, 0, 0, 1, 0, 6, 0, 1, 0, 0, 11.5, 
8, Lauren Sauer, 2, 0, 0, 0, .000, 0, 0, 0, 0, 1, 0, 0, 0, 0, 0.0, 
9, Kristina Susak, 1, 1, 1, 4, .000, 0, 0, 0, 0, 0, 0, 0, 0, 0, 1.0, 
12, Elizabeth Loschen, 3, 4, 4, 17, .000, 0, 0, 0, 0, 0, 0, 0, 0, 0, 4.0, 
14, Lolo Weideman, 3, 0, 0, 0, .000, 0, 0, 2, 1, 6, 0, 0, 0, 0, 0.0, 
15, Anne Rasmussen, 3, 0, 0, 0, .000, 1, 0, 0, 1, 15, 0, 0, 0, 0, 0.0, 
16, Mehana Fonseca, 3, 0, 0, 0, .000, 0, 0, 1, 1, 10, 0, 0, 0, 0, 0.0, 
17, Emily Grathoff, 1, 0, 1, 1, -1.000, 0, 0, 0, 0, 0, 0, 1, 0, 0, 0.5, 
TM, Team, 1, 0, 0, 0, .000, 0, 0, 0, 1, 0, 0, 0, 0, 0, 0.0, 
Totals, 32, 19, 98, .133, 31, 0, 6, 4, 45, 0, 2, 0, 0, 33.0, 
~
Creighton, 
, -- Attack --, , -- Serve --, , -- Block --, , , 
#, Player, SP, K, E, TA, K%, A, SA, SE, RE, DIGS, BS, BA, BE, BHE, PTS, 
1, ZUMACH, Kari, 3, 4, 1, 11, .273, 1, 0, 0, 0, 1, 0, 3, 0, 0, 5.5, 
2, WITT, Brittany, 3, 0, 0, 0, .000, 3, 0, 0, 0, 8, 0, 0, 0, 0, 0.0, 
5, WINTERS, Jaali, 3, 12, 3, 34, .265, 1, 1, 1, 0, 7, 0, 2, 0, 0, 14.0, 
8, BOHNET, Samantha, 3, 0, 0, 0, .000, 0, 0, 3, 0, 12, 0, 0, 0, 0, 0.0, 
12, KLOTH, Taryn, 3, 16, 0, 23, .696, 0, 2, 0, 0, 4, 0, 2, 0, 0, 19.0, 
13, ROUMELIOTIS, Alexa, 3, 0, 0, 0, .000, 0, 0, 0, 0, 5, 0, 0, 0, 0, 0.0, 
18, COLE, Madelyn, 3, 1, 0, 3, .333, 38, 1, 1, 0, 3, 0, 3, 0, 2, 3.5, 
19, BALLENGER, Megan, 3, 9, 3, 21, .286, 0, 0, 0, 0, 1, 0, 3, 0, 0, 10.5, 
21, HICKMAN, Naomi, 3, 4, 0, 12, .333, 0, 0, 0, 0, 1, 0, 7, 0, 0, 7.5, 
Totals, 46, 7, 104, .375, 43, 4, 5, 0, 42, 0, 20, 0, 2, 60.0, 
~
