Final, 1, 2, 3, Score, 
South Dakota (17-9 (11-3)), 25, 25, 25, 3, 
Omaha (15-11 (10-4)), 23, 20, 16, 0, 
~
South Dakota, 
, -- Attack --, , -- Serve --, , -- Block --, , , 
#, Player, SP, K, E, TA, K%, A, SA, SE, RE, DIGS, BS, BA, BE, BHE, PTS, 
2, Claire Gerdes, 3, 1, 3, 12, -.167, 0, 0, 0, 0, 0, 0, 2, 1, 0, 2.0, 
3, Taylor Wilson, 3, 10, 3, 23, .304, 1, 0, 0, 0, 5, 0, 1, 0, 0, 10.5, 
4, Madison Jurgens, 3, 3, 0, 10, .300, 38, 2, 0, 0, 5, 0, 0, 0, 0, 5.0, 
5, Jenna Wagemester, 2, 2, 3, 8, -.125, 0, 0, 0, 0, 0, 0, 0, 0, 0, 2.0, 
6, Hayley Dotseth, 3, 19, 3, 52, .308, 1, 0, 0, 0, 13, 0, 0, 1, 0, 19.0, 
9, Kristina Susak, 1, 3, 0, 7, .429, 1, 0, 0, 0, 0, 0, 0, 0, 0, 3.0, 
12, Elizabeth Loschen, 3, 9, 1, 22, .364, 1, 0, 0, 0, 0, 0, 3, 0, 0, 10.5, 
14, Lolo Weideman, 3, 0, 0, 0, .000, 0, 0, 0, 0, 14, 0, 0, 0, 0, 0.0, 
15, Anne Rasmussen, 3, 0, 0, 0, .000, 3, 0, 2, 0, 19, 0, 0, 0, 0, 0.0, 
16, Mehana Fonseca, 3, 0, 0, 0, .000, 0, 0, 0, 0, 12, 0, 0, 0, 0, 0.0, 
TM, TEAM, 1, 0, 0, 0, .000, 0, 0, 0, 1, 0, 0, 0, 0, 0, 0.0, 
Totals, 47, 13, 134, .254, 45, 2, 2, 1, 68, 0, 6, 2, 0, 52.0, 
~
Omaha, 
, -- Attack --, , -- Serve --, , -- Block --, , , 
#, Player, SP, K, E, TA, K%, A, SA, SE, RE, DIGS, BS, BA, BE, BHE, PTS, 
1, Courtney Morehead, 3, 0, 0, 0, .000, 2, 0, 0, 0, 7, 0, 0, 0, 0, 0.0, 
2, Giselle Eiche, 2, 0, 0, 0, .000, 0, 0, 0, 0, 0, 0, 0, 0, 0, 0.0, 
3, Abby Bergsten, 3, 4, 2, 27, .074, 0, 0, 0, 0, 4, 0, 1, 0, 0, 4.5, 
5, Kenzie Michalek, 3, 0, 0, 0, .000, 3, 0, 0, 1, 4, 0, 0, 0, 0, 0.0, 
6, Isabella Sade, 3, 5, 2, 16, .188, 0, 0, 1, 0, 1, 1, 2, 0, 0, 7.0, 
8, Claire Mountjoy, 3, 0, 0, 0, .000, 1, 0, 0, 0, 21, 0, 0, 0, 0, 0.0, 
10, Sadie Limback, 3, 13, 6, 35, .200, 1, 1, 3, 1, 15, 0, 1, 0, 0, 14.5, 
11, Anna Blaschko, 3, 10, 4, 27, .222, 0, 0, 0, 0, 2, 1, 2, 1, 0, 12.0, 
14, Claire Leonard, 3, 7, 4, 31, .097, 0, 0, 0, 0, 1, 0, 1, 0, 0, 7.5, 
17, Mackenzie Horkey, 2, 1, 1, 5, .000, 0, 0, 0, 0, 1, 0, 0, 0, 0, 1.0, 
24, Sydney Case, 3, 2, 0, 6, .333, 35, 0, 0, 0, 5, 0, 1, 0, 1, 2.5, 
Totals, 42, 19, 147, .156, 42, 1, 4, 2, 61, 2, 8, 1, 1, 49.0, 
~
