Final, 1, 2, 3, 4, Score, 
Oral Roberts (3-4), 20, 25, 25, 25, 3, 
Northwestern St. (4-3), 25, 21, 18, 19, 1, 
~
Oral Roberts, 
, -- Attack --, , -- Serve --, , -- Block --, , , 
#, Player, SP, K, E, TA, K%, A, SA, SE, RE, DIGS, BS, BA, BE, BHE, PTS, 
1, Tori Roe, 4, 0, 0, 0, .000, 5, 0, 1, 2, 19, 0, 0, 0, 0, 0.0, 
10, Bria Bergman, 4, 5, 4, 16, .062, 35, 1, 1, 0, 15, 1, 1, 0, 3, 7.5, 
11, Taylan Nero, 4, 10, 3, 19, .368, 0, 0, 0, 0, 1, 1, 4, 1, 0, 13.0, 
12, Bri Greenlee, 4, 7, 2, 18, .278, 0, 0, 0, 0, 3, 0, 4, 0, 0, 9.0, 
13, Sarah Thiessen, 4, 0, 0, 0, .000, 2, 1, 1, 1, 12, 0, 0, 0, 0, 1.0, 
14, Katarina Mikulic, 4, 13, 8, 46, .109, 1, 0, 2, 4, 15, 0, 1, 0, 0, 13.5, 
15, Morgan Blomquist, 4, 6, 1, 17, .294, 1, 0, 0, 0, 0, 0, 2, 0, 0, 7.0, 
16, Lara Picht, 4, 7, 2, 34, .147, 0, 0, 1, 1, 8, 0, 0, 0, 0, 7.0, 
Totals, 48, 20, 150, .187, 44, 2, 6, 8, 73, 2, 12, 1, 3, 58.0, 
~
Northwestern St., 
, -- Attack --, , -- Serve --, , -- Block --, , , 
#, Player, SP, K, E, TA, K%, A, SA, SE, RE, DIGS, BS, BA, BE, BHE, PTS, 
1, Burleson, Channing, 4, 0, 0, 0, .000, 1, 0, 0, 0, 30, 0, 0, 0, 1, 0.0, 
2, Besch, Skylar, 3, 2, 0, 4, .500, 21, 0, 1, 0, 3, 0, 0, 0, 2, 2.0, 
3, Seaton, Kourtney, 2, 5, 1, 7, .571, 0, 0, 0, 0, 0, 0, 0, 1, 0, 5.0, 
5, Rogers, Reagan, 4, 10, 12, 45, -.044, 0, 2, 3, 1, 15, 0, 0, 0, 0, 12.0, 
7, Drake, Madeline, 4, 10, 1, 20, .450, 0, 3, 1, 0, 1, 0, 3, 0, 0, 14.5, 
8, Fouts, Charli, 3, 0, 0, 0, .000, 0, 0, 2, 0, 1, 0, 0, 0, 0, 0.0, 
9, Warren, Alexis, 1, 0, 1, 5, -.200, 0, 0, 0, 0, 2, 0, 0, 0, 0, 0.0, 
11, Brister, Hannah, 4, 9, 6, 36, .083, 1, 2, 1, 1, 13, 1, 3, 0, 0, 13.5, 
12, Wristen, Kathryn, 1, 0, 0, 0, .000, 6, 0, 0, 0, 1, 0, 0, 0, 1, 0.0, 
13, Williams, Darria, 4, 5, 5, 22, .000, 0, 0, 0, 0, 1, 0, 1, 0, 0, 5.5, 
14, Lohmiller, Megan, 4, 0, 0, 0, .000, 2, 1, 3, 0, 5, 0, 0, 0, 0, 1.0, 
16, Potter, Bryce, 1, 0, 0, 0, .000, 0, 0, 0, 0, 0, 0, 0, 0, 0, 0.0, 
17, Wood, Brooke, 3, 3, 2, 12, .083, 0, 0, 0, 0, 0, 0, 2, 1, 0, 4.0, 
18, Sutton, Cayman, 2, 1, 1, 5, .000, 13, 0, 0, 0, 1, 0, 1, 0, 0, 1.5, 
TM, TEAM, 1, 0, 0, 0, .000, 0, 0, 0, 0, 0, 0, 0, 0, 0, 0.0, 
Totals, 45, 29, 156, .103, 44, 8, 11, 2, 73, 1, 10, 2, 4, 59.0, 
~
