Final, 1, 2, 3, Score, 
Oral Roberts (5-13 (3-4)), 19, 21, 19, 0, 
Omaha (12-7 (7-0)), 25, 25, 25, 3, 
~
Oral Roberts, 
, -- Attack --, , -- Serve --, , -- Block --, , , 
#, Player, SP, K, E, TA, K%, A, SA, SE, RE, DIGS, BS, BA, BE, BHE, PTS, 
1, Tori Roe, 3, 0, 0, 0, .000, 1, 0, 0, 1, 14, 0, 0, 0, 0, 0.0, 
3, Mya King, 3, 0, 0, 0, .000, 0, 1, 0, 0, 0, 0, 0, 0, 0, 1.0, 
6, Inka Inkret, 3, 9, 4, 32, .156, 1, 0, 0, 3, 9, 0, 0, 0, 0, 9.0, 
10, Bria Bergman, 3, 4, 0, 7, .571, 28, 0, 0, 0, 5, 0, 0, 0, 0, 4.0, 
11, Taylan Nero, 1, 1, 1, 7, .000, 0, 0, 0, 0, 1, 0, 1, 0, 0, 1.5, 
12, Bri Greenlee, 3, 7, 0, 15, .467, 0, 0, 0, 0, 0, 0, 1, 0, 0, 7.5, 
13, Sarah Thiessen, 1, 0, 0, 0, .000, 1, 0, 0, 1, 2, 0, 0, 0, 0, 0.0, 
14, Katarina Mikulic, 2, 2, 5, 18, -.167, 0, 1, 0, 1, 4, 1, 1, 0, 0, 4.5, 
15, Morgan Blomquist, 3, 5, 2, 14, .214, 0, 0, 0, 0, 1, 0, 2, 0, 0, 6.0, 
17, CeCe Madison, 3, 5, 4, 12, .083, 1, 0, 0, 0, 14, 0, 1, 0, 0, 5.5, 
TM, TEAM, 1, 0, 0, 0, .000, 0, 0, 0, 1, 0, 0, 0, 0, 0, 0.0, 
Totals, 33, 16, 105, .162, 32, 2, 0, 7, 50, 1, 6, 0, 0, 39.0, 
~
Omaha, 
, -- Attack --, , -- Serve --, , -- Block --, , , 
#, Player, SP, K, E, TA, K%, A, SA, SE, RE, DIGS, BS, BA, BE, BHE, PTS, 
1, Courtney Morehead, 3, 0, 0, 0, .000, 0, 1, 0, 0, 7, 0, 0, 0, 0, 1.0, 
3, Abby Bergsten, 3, 11, 3, 30, .267, 0, 0, 0, 0, 2, 0, 1, 0, 0, 11.5, 
5, Kenzie Michalek, 3, 0, 0, 0, .000, 0, 3, 0, 0, 8, 0, 0, 0, 0, 3.0, 
6, Isabella Sade, 3, 12, 2, 18, .556, 0, 0, 1, 0, 1, 0, 2, 0, 0, 13.0, 
8, Claire Mountjoy, 3, 0, 0, 0, .000, 2, 0, 0, 1, 10, 0, 0, 0, 0, 0.0, 
10, Sadie Limback, 3, 7, 5, 25, .080, 1, 1, 3, 0, 7, 0, 2, 0, 0, 9.0, 
11, Anna Blaschko, 3, 8, 0, 19, .421, 0, 0, 0, 0, 0, 1, 3, 0, 0, 10.5, 
14, Claire Leonard, 3, 10, 0, 27, .370, 0, 0, 0, 0, 2, 0, 0, 0, 0, 10.0, 
16, Maggie Meyer, 1, 0, 0, 0, .000, 0, 0, 0, 1, 0, 0, 0, 0, 0, 0.0, 
24, Sydney Case, 3, 2, 1, 3, .333, 44, 2, 5, 0, 11, 0, 2, 1, 1, 5.0, 
Totals, 50, 11, 122, .320, 47, 7, 9, 2, 48, 1, 10, 1, 1, 63.0, 
~
