Final, 1, 2, 3, Score, 
Western Illinois (1-5), 18, 15, 19, 0, 
Toledo (1-5), 25, 25, 25, 3, 
~
Western Illinois, 
, -- Attack --, , -- Serve --, , -- Block --, , , 
#, Player, SP, K, E, TA, K%, A, SA, SE, RE, DIGS, BS, BA, BE, BHE, PTS, 
2, Aleezah Washington, 1, 0, 0, 2, .000, 0, 0, 0, 0, 0, 0, 0, 0, 0, 0.0, 
3, Shiah Sanders, 3, 1, 3, 10, -.200, 0, 0, 1, 0, 7, 0, 0, 0, 0, 1.0, 
5, Jaime Johnson, 3, 0, 0, 3, .000, 19, 0, 2, 0, 4, 0, 1, 0, 0, 0.5, 
6, Mariah Mitchell, 1, 1, 0, 5, .200, 0, 0, 0, 0, 0, 0, 2, 0, 0, 2.0, 
7, Melanie Patenaude, 3, 5, 9, 32, -.125, 0, 0, 0, 1, 6, 0, 1, 0, 0, 5.5, 
8, Claire Grove, 3, 0, 0, 0, .000, 0, 0, 1, 2, 16, 0, 0, 0, 0, 0.0, 
11, Abby Knoop, 1, 2, 2, 9, .000, 0, 0, 0, 0, 0, 0, 0, 0, 0, 2.0, 
12, Erika Moore, 3, 0, 0, 0, .000, 0, 0, 0, 1, 6, 0, 0, 0, 0, 0.0, 
14, Cassie Hunt, 1, 0, 0, 0, .000, 2, 0, 0, 0, 3, 0, 0, 0, 0, 0.0, 
15, Mackenzie Steckler, 2, 2, 3, 12, -.083, 0, 0, 1, 0, 1, 0, 1, 0, 0, 2.5, 
17, Riley Schumacher, 2, 5, 0, 14, .357, 0, 0, 0, 0, 0, 0, 2, 0, 0, 6.0, 
20, Kennedy Drewis, 1, 2, 1, 6, .167, 0, 0, 0, 0, 0, 0, 0, 0, 0, 2.0, 
21, Madeline Dieter, 2, 1, 0, 5, .200, 0, 0, 0, 0, 0, 1, 1, 0, 0, 2.5, 
23, Jovana Bulatovic, 1, 0, 0, 3, .000, 0, 0, 0, 0, 0, 0, 0, 1, 0, 0.0, 
24, Emma Norris, 3, 6, 2, 20, .200, 0, 2, 1, 0, 7, 0, 0, 0, 0, 8.0, 
Totals, 25, 20, 121, .041, 21, 2, 6, 4, 50, 1, 8, 1, 0, 32.0, 
~
Toledo, 
, -- Attack --, , -- Serve --, , -- Block --, , , 
#, Player, SP, K, E, TA, K%, A, SA, SE, RE, DIGS, BS, BA, BE, BHE, PTS, 
1, BIRNBRICH,ZOE, 3, 13, 2, 19, .579, 0, 1, 1, 0, 1, 1, 2, 0, 0, 16.0, 
3, BARHORST,CALEIGH, 3, 1, 1, 4, .000, 1, 1, 2, 0, 13, 0, 0, 0, 0, 2.0, 
5, NEAL,RHYEN, 3, 0, 0, 0, .000, 2, 1, 1, 0, 10, 0, 0, 0, 0, 1.0, 
9, STEPHENSON,ANDREA, 3, 0, 0, 0, .000, 0, 0, 3, 2, 18, 0, 0, 0, 0, 0.0, 
10, SWOPE,EMMA, 3, 11, 2, 25, .360, 0, 0, 0, 0, 1, 0, 1, 0, 0, 11.5, 
11, KLEESPIES,CHLOEE, 3, 7, 4, 34, .088, 0, 0, 0, 0, 1, 0, 2, 0, 0, 8.0, 
12, FALZONE,ALEXIS, 3, 8, 1, 13, .538, 0, 0, 0, 0, 1, 0, 3, 0, 0, 9.5, 
15, TOWNSEND,CARLY, 3, 3, 1, 4, .500, 33, 0, 1, 0, 5, 1, 0, 0, 1, 4.0, 
16, LEONARD,MAURISSA, 3, 0, 0, 0, .000, 5, 1, 2, 0, 17, 0, 0, 0, 0, 1.0, 
18, CLAY,LYNNEA, 3, 0, 1, 10, -.100, 0, 0, 0, 0, 1, 0, 2, 0, 0, 1.0, 
Totals, 43, 12, 109, .284, 41, 4, 10, 2, 68, 2, 10, 0, 1, 54.0, 
~
