Final, 1, 2, 3, Score, 
Omaha (14-10 (9-3)), 12, 25, 15, 0, 
Denver (22-1 (11-0)), 25, 27, 25, 3, 
~
Omaha, 
, -- Attack --, , -- Serve --, , -- Block --, , , 
#, Player, SP, K, E, TA, K%, A, SA, SE, RE, DIGS, BS, BA, BE, BHE, PTS, 
1, Courtney Morehead, 3, 0, 0, 0, .000, 0, 0, 1, 2, 2, 0, 0, 0, 0, 0.0, 
2, Giselle Eiche, 2, 0, 0, 0, .000, 0, 1, 0, 1, 2, 0, 0, 0, 0, 1.0, 
3, Abby Bergsten, 3, 2, 1, 10, .100, 0, 0, 0, 0, 1, 0, 0, 0, 0, 2.0, 
5, Kenzie Michalek, 3, 0, 1, 1, -1.000, 0, 0, 0, 3, 6, 0, 0, 0, 1, 0.0, 
6, Isabella Sade, 3, 7, 4, 18, .167, 0, 0, 1, 0, 1, 0, 2, 0, 0, 8.0, 
7, Alexa Blase, 1, 1, 2, 5, -.200, 0, 0, 0, 0, 0, 0, 0, 0, 0, 1.0, 
8, Claire Mountjoy, 3, 0, 0, 0, .000, 0, 0, 3, 0, 10, 0, 0, 0, 0, 0.0, 
10, Sadie Limback, 3, 4, 9, 20, -.250, 0, 0, 1, 1, 4, 0, 1, 0, 0, 4.5, 
11, Anna Blaschko, 3, 6, 1, 10, .500, 0, 0, 0, 0, 0, 0, 1, 0, 0, 6.5, 
14, Claire Leonard, 3, 8, 2, 16, .375, 0, 0, 0, 0, 1, 1, 2, 0, 0, 10.0, 
24, Sydney Case, 3, 0, 0, 2, .000, 26, 2, 2, 1, 5, 1, 0, 1, 1, 3.0, 
TM, TEAM, 2, 0, 0, 0, .000, 0, 0, 0, 2, 0, 0, 0, 0, 0, 0.0, 
Totals, 28, 20, 82, .098, 26, 3, 8, 10, 32, 2, 6, 1, 2, 36.0, 
~
Denver, 
, -- Attack --, , -- Serve --, , -- Block --, , , 
#, Player, SP, K, E, TA, K%, A, SA, SE, RE, DIGS, BS, BA, BE, BHE, PTS, 
2, Katarina Marinkovic, 3, 8, 2, 14, .429, 0, 1, 3, 1, 4, 0, 2, 0, 0, 10.0, 
3, Andrea Eddy, 3, 0, 0, 0, .000, 15, 5, 3, 0, 3, 0, 0, 0, 0, 5.0, 
5, Olivia Novotny, 1, 0, 0, 0, .000, 0, 0, 0, 1, 0, 0, 0, 0, 0, 0.0, 
6, Ellie Anderson, 3, 1, 0, 2, .500, 16, 0, 1, 0, 4, 0, 0, 0, 0, 1.0, 
7, Lauren McManus, 3, 0, 0, 0, .000, 0, 1, 0, 0, 2, 0, 0, 0, 0, 1.0, 
8, Becca Latham, 3, 6, 4, 17, .118, 0, 0, 0, 0, 1, 0, 3, 0, 0, 7.5, 
10, Lydia Bartalo, 3, 8, 1, 15, .467, 1, 2, 1, 0, 9, 0, 4, 0, 0, 12.0, 
12, Macy Carrabine, 3, 0, 0, 0, .000, 1, 0, 1, 0, 7, 0, 0, 0, 0, 0.0, 
13, Tina Boe, 3, 4, 3, 13, .077, 1, 1, 0, 0, 1, 0, 5, 1, 0, 7.5, 
14, Taylor Joachim, 3, 5, 2, 14, .214, 0, 0, 0, 0, 2, 0, 1, 0, 0, 5.5, 
15, Emma Willis, 3, 5, 0, 9, .556, 0, 0, 0, 0, 0, 0, 4, 0, 0, 7.0, 
TM, TEAM, 1, 0, 0, 0, .000, 0, 0, 0, 1, 0, 0, 0, 0, 0, 0.0, 
Totals, 37, 12, 84, .298, 34, 10, 9, 3, 33, 0, 19, 1, 0, 56.5, 
~
