Final, 1, 2, 3, 4, Score, 
North Dakota State (5-13, 3-4 Summit), 23, 25, 25, 25, 3, 
Purdue Fort Wayne (11-9, 2-4 Summit), 25, 21, 20, 23, 1, 
~
North Dakota State, 
, -- Attack --, , -- Serve --, , -- Block --, , , 
#, Player, SP, K, E, TA, K%, A, SA, SE, RE, DIGS, BS, BA, BE, BHE, PTS, 
2, Allie Mauch, 4, 13, 5, 33, .242, 1, 0, 0, 0, 7, 0, 3, 0, 0, 14.5, 
5, McKenzie Burke, 3, 7, 4, 32, .094, 0, 0, 1, 1, 13, 0, 1, 0, 0, 7.5, 
6, Alex Erickson, 4, 0, 0, 2, .000, 0, 1, 0, 0, 6, 0, 0, 0, 0, 1.0, 
7, Abbi Klos, 4, 0, 0, 0, .000, 4, 0, 1, 0, 15, 0, 0, 0, 0, 0.0, 
8, Bella Lien, 4, 4, 4, 14, .000, 0, 0, 0, 0, 0, 1, 2, 0, 0, 6.0, 
9, Emily Halverson, 4, 8, 4, 16, .250, 0, 1, 1, 0, 2, 1, 9, 0, 0, 14.5, 
10, Maggie Steffen, 1, 2, 4, 15, -.133, 0, 0, 0, 0, 1, 0, 0, 0, 0, 2.0, 
11, Paige Schaffer, 3, 0, 0, 0, .000, 0, 0, 0, 0, 1, 0, 0, 0, 0, 0.0, 
12, Kaylee Hanger, 4, 0, 0, 0, .000, 1, 0, 0, 1, 14, 0, 0, 0, 0, 0.0, 
13, Alexis Bachmeier, 4, 14, 7, 48, .146, 0, 0, 2, 1, 14, 0, 5, 0, 0, 16.5, 
16, Kalli Hegerle, 4, 2, 2, 13, .000, 40, 0, 1, 0, 14, 0, 2, 0, 0, 3.0, 
TM, TEAM, 1, 0, 0, 0, .000, 0, 0, 0, 1, 0, 0, 0, 0, 0, 0.0, 
Totals, 50, 30, 173, .116, 46, 2, 6, 4, 87, 2, 22, 0, 0, 65.0, 
~
Purdue Fort Wayne, 
, -- Attack --, , -- Serve --, , -- Block --, , , 
#, Player, SP, K, E, TA, K%, A, SA, SE, RE, DIGS, BS, BA, BE, BHE, PTS, 
1, Madison Jaqua, 4, 0, 0, 1, .000, 31, 0, 0, 0, 13, 0, 0, 0, 0, 0.0, 
2, Julia Wayer, 2, 0, 0, 0, .000, 1, 0, 0, 0, 14, 0, 0, 0, 1, 0.0, 
3, Elizabeth Britner, 3, 0, 0, 0, .000, 1, 1, 1, 0, 7, 0, 0, 0, 0, 1.0, 
4, Victoria Mills, 4, 0, 0, 0, .000, 12, 0, 1, 1, 4, 0, 0, 0, 0, 0.0, 
5, Je'Bria Green, 2, 1, 2, 5, -.200, 0, 0, 0, 0, 0, 0, 0, 0, 0, 1.0, 
7, Taylor Duddleston, 2, 0, 0, 0, .000, 0, 0, 2, 0, 2, 0, 0, 0, 0, 0.0, 
8, Elizabeth Fuerst, 4, 15, 8, 47, .149, 0, 0, 0, 0, 5, 0, 0, 0, 0, 15.0, 
9, Katie Crowe, 4, 5, 6, 29, -.034, 1, 0, 3, 1, 10, 1, 0, 0, 0, 6.0, 
10, Sandra Hoevels, 3, 1, 0, 5, .200, 0, 0, 0, 0, 1, 2, 0, 0, 0, 3.0, 
13, Sydney Boerst, 4, 7, 5, 24, .083, 0, 3, 1, 0, 7, 0, 1, 0, 0, 10.5, 
14, Madelyn Wurster, 2, 8, 3, 16, .312, 0, 0, 0, 0, 0, 0, 0, 0, 0, 8.0, 
24, Nicole Rightnowar, 4, 12, 11, 54, .019, 1, 0, 1, 0, 18, 0, 1, 0, 0, 12.5, 
Totals, 49, 35, 181, .077, 47, 4, 9, 2, 81, 3, 2, 0, 1, 57.0, 
~
