Final, 1, 2, 3, 4, Score, 
Oakland (2-1), 26, 23, 25, 25, 3, 
Purdue Fort Wayne (1-2), 24, 25, 23, 18, 1, 
~
Oakland, 
, -- Attack --, , -- Serve --, , -- Block --, , , 
#, Player, SP, K, E, TA, K%, A, SA, SE, RE, DIGS, BS, BA, BE, BHE, PTS, 
1, Katelyn Johnson, 3, 0, 0, 0, .000, 0, 0, 1, 1, 6, 0, 0, 0, 0, 0.0, 
2, Kenzie Dunn, 4, 0, 0, 0, .000, 0, 2, 2, 2, 7, 0, 0, 0, 0, 2.0, 
3, Lindsay Wightman, 4, 0, 1, 1, -1.000, 9, 1, 2, 0, 19, 0, 0, 0, 0, 1.0, 
6, Jordan Lentz, 4, 4, 3, 15, .067, 46, 0, 1, 0, 10, 0, 4, 0, 2, 6.0, 
8, Jordan Massab, 4, 0, 0, 0, .000, 3, 0, 1, 0, 14, 0, 0, 0, 0, 0.0, 
9, Jamie Walling, 4, 15, 1, 24, .583, 1, 0, 1, 0, 4, 0, 7, 1, 1, 18.5, 
10, Mackenzie Schneider, 4, 4, 1, 21, .143, 1, 0, 0, 0, 3, 0, 6, 2, 0, 7.0, 
12, Aleksandra Malek, 4, 17, 7, 50, .200, 0, 0, 0, 0, 4, 0, 0, 0, 0, 17.0, 
18, Abby Neidinger, 4, 14, 5, 34, .265, 0, 0, 0, 0, 3, 0, 1, 0, 0, 14.5, 
20, Sydney Mann, 2, 0, 0, 0, .000, 0, 0, 1, 0, 6, 0, 0, 0, 0, 0.0, 
28, Krysteena Davis, 4, 10, 1, 20, .450, 0, 0, 0, 0, 1, 1, 4, 1, 0, 13.0, 
TM, Team, 1, 0, 0, 0, .000, 0, 0, 0, 1, 0, 0, 0, 0, 0, 0.0, 
Totals, 64, 19, 165, .273, 60, 3, 9, 4, 77, 1, 22, 4, 3, 79.0, 
~
Purdue Fort Wayne, 
, -- Attack --, , -- Serve --, , -- Block --, , , 
#, Player, SP, K, E, TA, K%, A, SA, SE, RE, DIGS, BS, BA, BE, BHE, PTS, 
1, Madison Jaqua, 4, 1, 2, 5, -.200, 44, 1, 0, 0, 13, 0, 2, 0, 0, 3.0, 
3, Elizabeth Britner, 4, 0, 0, 0, .000, 4, 0, 2, 0, 13, 0, 0, 0, 0, 0.0, 
4, Victoria Mills, 4, 0, 0, 0, .000, 2, 0, 2, 0, 6, 0, 0, 0, 0, 0.0, 
8, Elizabeth Fuerst, 4, 11, 4, 39, .179, 0, 0, 0, 0, 0, 0, 4, 0, 1, 13.0, 
9, Katie Crowe, 4, 9, 5, 34, .118, 0, 2, 1, 1, 19, 0, 1, 1, 0, 11.5, 
10, Sandra Hoevels, 4, 10, 1, 22, .409, 0, 0, 0, 0, 0, 0, 3, 1, 0, 11.5, 
13, Sydney Boerst, 4, 8, 5, 25, .120, 0, 1, 1, 0, 2, 0, 4, 0, 0, 11.0, 
24, Nicole Rightnowar, 4, 16, 7, 49, .184, 0, 0, 1, 1, 12, 0, 0, 0, 0, 16.0, 
TM, TEAM, 1, 0, 0, 0, .000, 0, 0, 0, 1, 0, 0, 0, 0, 0, 0.0, 
Totals, 55, 24, 174, .178, 50, 4, 7, 3, 65, 0, 14, 2, 1, 66.0, 
~
