Final, 1, 2, 3, Score, 
South Dakota (12-8, 6-2 Summit), 25, 25, 25, 3, 
North Dakota (13-12, 5-4 Summit), 18, 21, 23, 0, 
~
South Dakota, 
, -- Attack --, , -- Serve --, , -- Block --, , , 
#, Player, SP, K, E, TA, K%, A, SA, SE, RE, DIGS, BS, BA, BE, BHE, PTS, 
1, Abbey Pederson, 3, 0, 0, 0, .000, 0, 0, 1, 0, 0, 0, 0, 0, 0, 0.0, 
3, Taylor Wilson, 3, 9, 4, 27, .185, 0, 0, 1, 0, 2, 2, 1, 0, 0, 11.5, 
4, Madison Jurgens, 3, 4, 1, 7, .429, 37, 0, 3, 0, 14, 0, 0, 0, 0, 4.0, 
5, Jenna Wagemester, 3, 5, 6, 27, -.037, 0, 0, 0, 0, 5, 0, 1, 0, 0, 5.5, 
6, Hayley Dotseth, 3, 14, 5, 48, .188, 2, 1, 1, 1, 17, 0, 0, 0, 0, 15.0, 
12, Elizabeth Loschen, 3, 11, 1, 33, .303, 1, 0, 0, 0, 2, 0, 1, 0, 0, 11.5, 
14, Lolo Weideman, 3, 5, 2, 9, .333, 0, 1, 0, 1, 5, 0, 0, 0, 0, 6.0, 
15, Anne Rasmussen, 3, 0, 0, 0, .000, 6, 1, 0, 0, 32, 0, 0, 0, 0, 1.0, 
16, Mehana Fonseca, 3, 0, 0, 0, .000, 1, 0, 1, 0, 6, 0, 0, 0, 0, 0.0, 
17, Emily Grathoff, 3, 3, 0, 4, .750, 0, 0, 0, 0, 0, 0, 1, 0, 0, 3.5, 
Totals, 51, 19, 155, .206, 47, 3, 7, 2, 83, 2, 4, 0, 0, 58.0, 
~
North Dakota, 
, -- Attack --, , -- Serve --, , -- Block --, , , 
#, Player, SP, K, E, TA, K%, A, SA, SE, RE, DIGS, BS, BA, BE, BHE, PTS, 
0, Kayla Williams, 3, 4, 4, 28, .000, 0, 0, 0, 0, 2, 0, 0, 0, 0, 4.0, 
1, Darian Chwialkowski, 3, 2, 4, 34, -.059, 0, 0, 1, 1, 14, 0, 1, 0, 0, 2.5, 
4, Taliyah Flores, 3, 0, 0, 0, .000, 0, 1, 0, 1, 21, 0, 0, 0, 0, 1.0, 
5, Alivia Fraase, 3, 0, 0, 0, .000, 1, 0, 0, 1, 18, 0, 0, 0, 0, 0.0, 
7, Lexi Ahrens, 3, 9, 3, 23, .261, 0, 0, 0, 0, 4, 0, 2, 0, 0, 10.0, 
8, Lydia Rutten, 3, 3, 4, 15, -.067, 0, 0, 0, 0, 2, 0, 4, 1, 0, 5.0, 
9, Roosa Rautio, 3, 0, 0, 4, .000, 27, 0, 1, 0, 6, 0, 1, 0, 0, 0.5, 
12, Jordan Vail, 3, 13, 2, 29, .379, 0, 0, 0, 0, 0, 0, 0, 1, 0, 13.0, 
15, Taylor Riedl, 2, 1, 0, 6, .167, 0, 0, 0, 0, 0, 0, 0, 0, 0, 1.0, 
16, Maggie Smith, 1, 0, 0, 0, .000, 0, 0, 0, 0, 0, 0, 0, 0, 0, 0.0, 
17, Tamika Brekke, 3, 0, 0, 1, .000, 0, 1, 1, 0, 6, 0, 0, 0, 0, 1.0, 
Totals, 32, 17, 140, .107, 28, 2, 3, 3, 73, 0, 8, 2, 0, 38.0, 
~
