Final, 1, 2, 3, 4, Score, 
Western Caro. (5-2), 12, 19, 25, 25, 1, 
North Dakota State (2-5), 25, 25, 22, 27, 3, 
~
Western Caro., 
, -- Attack --, , -- Serve --, , -- Block --, , , 
#, Player, SP, K, E, TA, K%, A, SA, SE, RE, DIGS, BS, BA, BE, BHE, PTS, 
2, Meagan Sanchez, 4, 0, 0, 0, .000, 7, 2, 0, 5, 19, 0, 0, 0, 0, 2.0, 
4, Caroline Perret, 3, 0, 0, 0, .000, 0, 0, 0, 1, 10, 0, 0, 0, 0, 0.0, 
6, Emma Tynan, 4, 0, 0, 0, .000, 1, 0, 0, 0, 0, 0, 0, 0, 0, 0.0, 
8, Hannah Price, 4, 3, 5, 14, -.143, 18, 2, 0, 0, 10, 1, 2, 2, 0, 7.0, 
12, Haley Multerer, 2, 5, 2, 12, .250, 0, 0, 0, 0, 0, 1, 2, 0, 0, 7.0, 
13, Merry Gebel, 4, 12, 1, 42, .262, 1, 0, 0, 1, 6, 0, 0, 1, 0, 12.0, 
15, MaKenzie White, 4, 12, 5, 34, .206, 0, 0, 0, 0, 1, 0, 4, 0, 0, 14.0, 
16, Jada Gardner, 2, 0, 1, 4, -.250, 0, 0, 0, 0, 1, 0, 2, 0, 0, 1.0, 
17, Abigail Veit, 4, 4, 4, 23, .000, 0, 0, 0, 5, 6, 0, 1, 1, 0, 4.5, 
18, Sydney Carlson, 4, 0, 0, 1, .000, 13, 1, 0, 0, 8, 0, 0, 1, 1, 1.0, 
21, Aleah Keaton, 4, 8, 2, 24, .250, 0, 0, 0, 0, 0, 0, 3, 1, 0, 9.5, 
Totals, 44, 20, 154, .156, 40, 5, 0, 12, 61, 2, 14, 6, 1, 58.0, 
~
North Dakota State, 
, -- Attack --, , -- Serve --, , -- Block --, , , 
#, Player, SP, K, E, TA, K%, A, SA, SE, RE, DIGS, BS, BA, BE, BHE, PTS, 
2, Allie Mauch, 4, 14, 8, 37, .162, 0, 0, 0, 0, 0, 0, 2, 0, 0, 15.0, 
5, McKenzie Burke, 4, 24, 4, 51, .392, 2, 3, 1, 4, 8, 0, 2, 0, 0, 28.0, 
6, Alex Erickson, 1, 0, 0, 2, .000, 1, 0, 0, 0, 1, 0, 0, 0, 0, 0.0, 
7, Abbi Klos, 4, 0, 0, 0, .000, 5, 2, 1, 0, 19, 0, 0, 0, 0, 2.0, 
8, Bella Lien, 4, 1, 2, 7, -.143, 0, 0, 0, 0, 1, 1, 3, 0, 0, 3.5, 
9, Emily Halverson, 4, 8, 3, 17, .294, 1, 0, 1, 0, 0, 1, 3, 0, 0, 10.5, 
11, Paige Schaffer, 2, 0, 0, 0, .000, 0, 0, 1, 0, 1, 0, 0, 0, 0, 0.0, 
12, Kaylee Hanger, 4, 0, 0, 2, .000, 1, 5, 1, 0, 18, 0, 0, 0, 0, 5.0, 
13, Alexis Bachmeier, 4, 15, 4, 32, .344, 2, 1, 0, 0, 17, 0, 2, 0, 0, 17.0, 
16, Kalli Hegerle, 4, 4, 3, 9, .111, 52, 1, 2, 1, 9, 0, 0, 1, 0, 5.0, 
Totals, 66, 24, 157, .268, 64, 12, 7, 5, 74, 2, 12, 1, 0, 86.0, 
~
