Final, 1, 2, 3, 4, Score, 
North Texas (3-6), 21, 23, 25, 20, 1, 
Omaha (4-4), 25, 25, 22, 25, 3, 
~
North Texas, 
, -- Attack --, , -- Serve --, , -- Block --, , , 
#, Player, SP, K, E, TA, K%, A, SA, SE, RE, DIGS, BS, BA, BE, BHE, PTS, 
1, YORK, Karley, 4, 7, 0, 10, .700, 29, 1, 1, 0, 13, 0, 0, 1, 2, 8.0, 
2, BROWN, Kylie, 3, 0, 0, 1, .000, 1, 0, 1, 0, 5, 0, 0, 0, 0, 0.0, 
4, PETNICKI, Olivia, 4, 0, 1, 1, -1.000, 4, 1, 2, 2, 13, 0, 0, 0, 0, 1.0, 
13, HAEUSSLER, Sarah, 4, 1, 0, 3, .333, 0, 0, 0, 0, 5, 0, 5, 0, 0, 3.5, 
14, ROBINSON, Rhett, 4, 8, 13, 32, -.156, 0, 0, 1, 0, 5, 0, 4, 2, 0, 10.0, 
15, HUBBARD, Reagan, 3, 0, 0, 1, .000, 1, 2, 0, 0, 7, 0, 0, 0, 0, 2.0, 
16, WILLIAMS, Jordyn, 4, 7, 4, 21, .143, 1, 0, 0, 0, 3, 0, 0, 0, 0, 7.0, 
17, VALERIAN, Valerie, 4, 11, 5, 54, .111, 1, 0, 0, 1, 11, 0, 2, 0, 0, 12.0, 
21, DE LARA, Yasmin, 4, 5, 3, 24, .083, 1, 0, 0, 0, 3, 0, 1, 0, 0, 5.5, 
Totals, 39, 26, 147, .088, 38, 4, 5, 3, 65, 0, 12, 3, 2, 49.0, 
~
Omaha, 
, -- Attack --, , -- Serve --, , -- Block --, , , 
#, Player, SP, K, E, TA, K%, A, SA, SE, RE, DIGS, BS, BA, BE, BHE, PTS, 
1, Courtney Morehead, 4, 0, 1, 1, -1.000, 0, 0, 3, 1, 12, 0, 0, 0, 0, 0.0, 
3, Abby Bergsten, 4, 10, 5, 34, .147, 1, 0, 0, 0, 2, 0, 1, 0, 0, 10.5, 
5, Kenzie Michalek, 4, 0, 0, 0, .000, 1, 0, 1, 0, 6, 0, 0, 0, 0, 0.0, 
6, Isabella Sade, 4, 12, 3, 25, .360, 1, 1, 3, 0, 1, 1, 4, 0, 0, 16.0, 
8, Claire Mountjoy, 4, 0, 0, 0, .000, 1, 0, 4, 2, 22, 0, 0, 0, 0, 0.0, 
10, Sadie Limback, 4, 14, 1, 30, .433, 0, 0, 1, 0, 3, 0, 3, 0, 0, 15.5, 
11, Anna Blaschko, 4, 9, 5, 23, .174, 0, 0, 0, 0, 1, 0, 3, 0, 0, 10.5, 
14, Claire Leonard, 4, 10, 4, 32, .188, 0, 0, 0, 1, 4, 0, 3, 0, 0, 11.5, 
16, Maggie Meyer, 4, 3, 1, 5, .400, 1, 0, 4, 0, 12, 0, 0, 0, 0, 3.0, 
24, Sydney Case, 4, 3, 0, 8, .375, 53, 2, 3, 0, 5, 0, 0, 0, 1, 5.0, 
Totals, 61, 20, 158, .259, 58, 3, 19, 4, 68, 1, 14, 0, 1, 72.0, 
~
