Final, 1, 2, 3, Score, 
Oregon State (5-1), 25, 32, 25, 3, 
Omaha (3-4), 17, 30, 23, 0, 
~
Oregon State, 
, -- Attack --, , -- Serve --, , -- Block --, , , 
#, Player, SP, K, E, TA, K%, A, SA, SE, RE, DIGS, BS, BA, BE, BHE, PTS, 
2, Lindsey Schell, 3, 3, 0, 6, .500, 0, 0, 0, 0, 0, 0, 0, 1, 0, 3.0, 
4, Haylie Bennett, 3, 9, 2, 22, .318, 0, 0, 0, 0, 0, 0, 2, 0, 0, 10.0, 
5, Montanna Gubrud, 1, 0, 0, 0, .000, 1, 0, 0, 0, 0, 0, 0, 0, 0, 0.0, 
7, Grace Massey, 3, 0, 0, 0, .000, 2, 2, 1, 1, 18, 0, 0, 0, 0, 2.0, 
8, Maddy Gravley, 3, 5, 2, 19, .158, 1, 0, 0, 0, 1, 0, 5, 1, 0, 7.5, 
9, Makenna Browne, 3, 0, 0, 0, .000, 0, 0, 1, 0, 0, 0, 0, 0, 0, 0.0, 
10, Maddie Goings, 3, 9, 9, 39, .000, 0, 1, 1, 1, 10, 0, 1, 0, 0, 10.5, 
13, Maddie Sheehan, 3, 2, 1, 6, .167, 33, 1, 1, 0, 5, 0, 1, 1, 0, 3.5, 
18, Amy Underdown, 3, 11, 5, 34, .176, 0, 0, 0, 1, 16, 0, 1, 2, 0, 11.5, 
22, Kayla Ellis, 3, 0, 0, 1, .000, 1, 0, 0, 0, 10, 0, 0, 0, 0, 0.0, 
24, Serena Bruin, 2, 0, 2, 4, -.500, 0, 0, 0, 0, 0, 0, 0, 1, 0, 0.0, 
Totals, 39, 21, 131, .137, 38, 4, 4, 3, 60, 0, 10, 6, 0, 48.0, 
~
Omaha, 
, -- Attack --, , -- Serve --, , -- Block --, , , 
#, Player, SP, K, E, TA, K%, A, SA, SE, RE, DIGS, BS, BA, BE, BHE, PTS, 
1, Courtney Morehead, 3, 0, 0, 0, .000, 0, 1, 1, 0, 8, 0, 0, 0, 0, 1.0, 
3, Abby Bergsten, 3, 3, 4, 16, -.062, 0, 0, 0, 0, 1, 0, 2, 0, 0, 4.0, 
5, Kenzie Michalek, 3, 0, 0, 0, .000, 0, 0, 1, 0, 3, 0, 0, 0, 0, 0.0, 
6, Isabella Sade, 3, 13, 2, 22, .500, 0, 0, 0, 0, 1, 0, 2, 0, 0, 14.0, 
8, Claire Mountjoy, 3, 0, 0, 0, .000, 0, 0, 0, 1, 20, 0, 0, 0, 0, 0.0, 
10, Sadie Limback, 3, 7, 4, 24, .125, 0, 2, 1, 0, 7, 0, 0, 0, 0, 9.0, 
11, Anna Blaschko, 3, 11, 4, 29, .241, 0, 0, 0, 1, 0, 0, 2, 0, 0, 12.0, 
14, Claire Leonard, 1, 1, 3, 8, -.250, 0, 0, 0, 0, 0, 0, 0, 0, 0, 1.0, 
16, Maggie Meyer, 2, 0, 0, 0, .000, 0, 0, 0, 1, 6, 0, 0, 0, 0, 0.0, 
17, Mackenzie Horkey, 3, 8, 7, 32, .031, 0, 0, 1, 1, 3, 0, 2, 0, 0, 9.0, 
24, Sydney Case, 3, 0, 0, 3, .000, 39, 0, 6, 0, 3, 0, 0, 0, 2, 0.0, 
Totals, 43, 24, 134, .142, 39, 3, 10, 4, 52, 0, 8, 0, 2, 50.0, 
~
