Final, 1, 2, 3, 4, Score, 
Omaha (0-1), 16, 25, 23, 21, 1, 
New Orleans (1-0), 25, 21, 25, 25, 3, 
~
Omaha, 
, -- Attack --, , -- Serve --, , -- Block --, , , 
#, Player, SP, K, E, TA, K%, A, SA, SE, RE, DIGS, BS, BA, BE, BHE, PTS, 
1, Courtney Morehead, 4, 0, 0, 0, .000, 1, 1, 0, 0, 10, 0, 0, 0, 0, 1.0, 
3, Abby Bergsten, 4, 8, 3, 26, .192, 0, 0, 1, 0, 4, 0, 0, 0, 0, 8.0, 
4, Jaclyn Taylor, 4, 1, 1, 5, .000, 21, 0, 1, 0, 5, 0, 2, 0, 2, 2.0, 
5, Kenzie Michalek, 4, 0, 0, 0, .000, 2, 1, 4, 0, 9, 0, 0, 0, 0, 1.0, 
6, Isabella Sade, 4, 5, 2, 16, .188, 1, 0, 2, 0, 1, 0, 5, 3, 0, 7.5, 
8, Claire Mountjoy, 4, 0, 0, 0, .000, 3, 2, 1, 1, 12, 0, 0, 0, 0, 2.0, 
10, Sadie Limback, 4, 8, 10, 37, -.054, 0, 1, 4, 0, 6, 0, 3, 0, 0, 10.5, 
11, Anna Blaschko, 4, 6, 7, 19, -.053, 0, 0, 0, 0, 1, 0, 4, 0, 0, 8.0, 
14, Claire Leonard, 4, 15, 2, 44, .295, 0, 0, 1, 0, 1, 0, 4, 0, 0, 17.0, 
24, Sydney Case, 3, 1, 0, 1, 1.000, 12, 1, 3, 0, 2, 0, 0, 0, 2, 2.0, 
TM, TEAM, 1, 0, 0, 0, .000, 0, 0, 0, 0, 0, 0, 0, 1, 0, 0.0, 
Totals, 44, 25, 148, .128, 40, 6, 17, 1, 51, 0, 18, 4, 4, 59.0, 
~
New Orleans, 
, -- Attack --, , -- Serve --, , -- Block --, , , 
#, Player, SP, K, E, TA, K%, A, SA, SE, RE, DIGS, BS, BA, BE, BHE, PTS, 
1, Andrea Nava, 2, 0, 0, 0, .000, 0, 0, 1, 0, 3, 0, 0, 0, 0, 0.0, 
2, Nela Grau, 3, 0, 0, 0, .000, 8, 0, 2, 0, 5, 0, 0, 0, 5, 0.0, 
5, Samantha Uline, 4, 0, 0, 0, .000, 2, 1, 2, 1, 14, 0, 0, 0, 2, 1.0, 
7, Blessing Dunn, 4, 7, 5, 21, .095, 2, 0, 0, 1, 16, 0, 1, 0, 1, 7.5, 
8, Brianna Vega, 4, 16, 6, 33, .303, 0, 0, 1, 1, 5, 0, 5, 0, 0, 18.5, 
11, Kaitlyn Grice, 4, 8, 1, 23, .304, 2, 0, 0, 0, 0, 1, 1, 1, 0, 9.5, 
12, Kyra Hunter, 3, 2, 1, 12, .083, 0, 0, 0, 0, 0, 0, 2, 0, 0, 3.0, 
15, Sarah Thomas, 4, 1, 0, 4, .250, 27, 0, 2, 0, 15, 0, 0, 0, 0, 1.0, 
20, Ehize Omoghibo, 4, 6, 4, 21, .095, 0, 0, 0, 0, 0, 0, 0, 0, 0, 6.0, 
22, Lane Hindenburg, 4, 6, 1, 12, .417, 0, 0, 0, 0, 5, 0, 7, 0, 0, 9.5, 
23, Reagan Rozas, 4, 1, 0, 1, 1.000, 0, 0, 0, 0, 1, 0, 0, 0, 0, 1.0, 
TM, TEAM, 2, 0, 0, 0, .000, 0, 0, 0, 3, 0, 0, 0, 0, 0, 0.0, 
Totals, 47, 18, 127, .228, 41, 1, 8, 6, 64, 1, 16, 1, 8, 57.0, 
~
