Final, 1, 2, 3, Score, 
Purdue Fort Wayne (3-3), 25, 25, 25, 3, 
Kent St. (3-2), 10, 6, 16, 0, 
~
Purdue Fort Wayne, 
, -- Attack --, , -- Serve --, , -- Block --, , , 
#, Player, SP, K, E, TA, K%, A, SA, SE, RE, DIGS, BS, BA, BE, BHE, PTS, 
1, Madison Jaqua, 3, 2, 0, 6, .333, 31, 0, 1, 0, 4, 0, 1, 0, 0, 2.5, 
3, Elizabeth Britner, 3, 0, 0, 0, .000, 3, 0, 3, 0, 8, 0, 0, 0, 0, 0.0, 
4, Victoria Mills, 3, 0, 0, 1, .000, 2, 0, 0, 0, 5, 0, 0, 0, 0, 0.0, 
8, Elizabeth Fuerst, 3, 12, 0, 22, .545, 0, 0, 0, 0, 4, 0, 2, 0, 0, 13.0, 
9, Katie Crowe, 3, 3, 1, 15, .133, 0, 2, 1, 0, 15, 0, 1, 0, 1, 5.5, 
10, Sandra Hoevels, 3, 3, 3, 11, .000, 0, 0, 0, 0, 0, 0, 4, 0, 0, 5.0, 
13, Sydney Boerst, 3, 7, 2, 10, .500, 0, 0, 0, 0, 2, 2, 3, 0, 0, 10.5, 
24, Nicole Rightnowar, 3, 15, 3, 29, .414, 0, 0, 1, 0, 9, 0, 3, 0, 0, 16.5, 
Totals, 42, 9, 94, .351, 36, 2, 6, 0, 47, 2, 14, 0, 1, 53.0, 
~
Kent St., 
, -- Attack --, , -- Serve --, , -- Block --, , , 
#, Player, SP, K, E, TA, K%, A, SA, SE, RE, DIGS, BS, BA, BE, BHE, PTS, 
1, Darby Connors, 1, 0, 2, 8, -.250, 1, 0, 0, 0, 0, 1, 0, 0, 0, 1.0, 
2, Sam Jones, 2, 0, 0, 0, .000, 4, 0, 0, 0, 4, 0, 0, 0, 1, 0.0, 
4, Myla King, 3, 2, 3, 7, -.143, 0, 0, 0, 0, 0, 0, 1, 0, 0, 2.5, 
5, Amy Kober, 3, 1, 2, 5, -.200, 0, 0, 0, 0, 0, 0, 2, 0, 0, 2.0, 
6, Alex Haffner, 1, 0, 0, 0, .000, 4, 0, 1, 0, 1, 0, 0, 0, 2, 0.0, 
7, Natalie Tagala, 3, 0, 0, 1, .000, 4, 0, 0, 0, 5, 0, 0, 0, 0, 0.0, 
9, Lexi Mantas, 2, 0, 0, 0, .000, 0, 0, 0, 0, 2, 0, 0, 0, 0, 0.0, 
11, Melissa Kolurbasi, 3, 1, 1, 16, .000, 0, 0, 0, 0, 1, 0, 0, 0, 0, 1.0, 
12, Ezri Edwards, 1, 0, 0, 0, .000, 0, 0, 0, 0, 0, 0, 0, 0, 0, 0.0, 
13, Erin Gardner, 3, 0, 0, 2, .000, 1, 0, 2, 0, 10, 0, 0, 0, 0, 0.0, 
14, Kathryn Ellison, 3, 7, 8, 26, -.038, 0, 0, 1, 1, 10, 0, 0, 0, 0, 7.0, 
16, Ashley Makruski, 2, 4, 4, 17, .000, 0, 0, 1, 0, 0, 0, 0, 0, 0, 4.0, 
17, Danie Tyson, 3, 1, 1, 7, .000, 1, 0, 1, 0, 1, 1, 1, 0, 0, 2.5, 
18, Kaeleigh Stang, 1, 0, 0, 0, .000, 0, 0, 0, 0, 3, 0, 0, 0, 0, 0.0, 
TM, Team, 1, 0, 0, 0, .000, 0, 0, 0, 1, 0, 0, 0, 0, 0, 0.0, 
Totals, 16, 21, 89, -.056, 15, 0, 6, 2, 37, 2, 4, 0, 3, 20.0, 
~
