Final, 1, 2, 3, Score, 
South Dakota State (0-1), 19, 19, 23, 0, 
Kansas City (1-0), 25, 25, 25, 3, 
~
South Dakota State, 
, -- Attack --, , -- Serve --, , -- Block --, , , 
#, Player, SP, K, E, TA, K%, A, SA, SE, RE, DIGS, BS, BA, BE, BHE, PTS, 
1, Sierra Peterson, 3, 3, 3, 14, .000, 2, 0, 0, 0, 2, 0, 2, 0, 0, 4.0, 
2, Kari Brucker, 3, 0, 0, 0, .000, 2, 0, 1, 0, 8, 0, 0, 0, 0, 0.0, 
3, Makenzie Hennen, 3, 11, 5, 29, .207, 1, 0, 1, 0, 4, 0, 0, 0, 0, 11.0, 
4, Ashlynn Smith, 3, 0, 3, 13, -.231, 1, 0, 0, 0, 2, 0, 4, 0, 0, 2.0, 
9, Crystal Burk, 3, 10, 10, 36, .000, 1, 1, 2, 3, 8, 1, 0, 0, 0, 12.0, 
12, Ellie Thein, 3, 0, 0, 0, .000, 0, 0, 0, 1, 10, 0, 0, 0, 0, 0.0, 
15, Sydney Andrews, 3, 5, 0, 9, .556, 0, 0, 1, 0, 0, 0, 1, 0, 0, 5.5, 
18, Maddie Fay, 3, 1, 1, 5, .000, 21, 2, 0, 0, 6, 0, 3, 0, 2, 4.5, 
Totals, 30, 22, 106, .075, 28, 3, 5, 4, 40, 1, 10, 0, 2, 39.0, 
~
Kansas City, 
, -- Attack --, , -- Serve --, , -- Block --, , , 
#, Player, SP, K, E, TA, K%, A, SA, SE, RE, DIGS, BS, BA, BE, BHE, PTS, 
1, Rhegan Spiegel, 3, 0, 0, 1, .000, 3, 1, 0, 1, 8, 0, 0, 0, 0, 1.0, 
2, Kynnedy Myers, 3, 1, 0, 1, 1.000, 15, 1, 3, 0, 8, 0, 0, 0, 2, 2.0, 
3, Tyrecia Lukes, 3, 13, 0, 19, .684, 0, 0, 0, 0, 1, 0, 0, 0, 0, 13.0, 
4, Alicia Harrington, 3, 10, 6, 18, .222, 1, 0, 2, 0, 12, 1, 0, 0, 0, 11.0, 
5, Kelsie Milkowski, 1, 0, 1, 4, -.250, 0, 0, 0, 1, 0, 0, 0, 0, 0, 0.0, 
6, Brooke Jacobs, 3, 6, 3, 12, .250, 0, 0, 0, 0, 2, 1, 0, 1, 0, 7.0, 
7, Mack Blatcher, 1, 0, 0, 0, .000, 1, 0, 0, 0, 0, 0, 0, 0, 0, 0.0, 
8, Melanie Brecka, 3, 5, 2, 15, .200, 0, 1, 0, 0, 0, 0, 1, 0, 0, 6.5, 
10, Alex Ratzlaff, 3, 4, 3, 17, .059, 1, 1, 1, 1, 10, 1, 1, 0, 0, 6.5, 
11, Kristin Vom Schemm, 1, 0, 0, 1, .000, 0, 0, 0, 0, 0, 0, 0, 0, 0, 0.0, 
15, Emma Dyer, 3, 2, 3, 13, -.077, 0, 0, 0, 0, 1, 0, 2, 0, 0, 3.0, 
17, Alli Schomers, 3, 0, 0, 2, .000, 19, 0, 0, 0, 6, 0, 0, 0, 0, 0.0, 
Totals, 41, 18, 103, .223, 40, 4, 6, 3, 48, 3, 4, 1, 2, 50.0, 
~
