Final, 1, 2, 3, Score, 
Denver (15-1 (4-0 Summit)), 25, 25, 25, 3, 
South Dakota (10-7 (4-1 Summit)), 23, 19, 23, 0, 
~
Denver, 
, -- Attack --, , -- Serve --, , -- Block --, , , 
#, Player, SP, K, E, TA, K%, A, SA, SE, RE, DIGS, BS, BA, BE, BHE, PTS, 
1, Graceyn Tippens, 3, 9, 2, 21, .333, 0, 0, 0, 0, 1, 0, 1, 1, 0, 9.5, 
2, Katarina Marinkovic, 3, 9, 2, 21, .333, 0, 0, 2, 1, 10, 0, 3, 0, 0, 10.5, 
3, Andrea Eddy, 3, 0, 0, 1, .000, 15, 0, 2, 0, 11, 0, 0, 0, 1, 0.0, 
6, Ellie Anderson, 3, 0, 0, 2, .000, 22, 0, 1, 0, 4, 0, 0, 0, 0, 0.0, 
7, Lauren McManus, 3, 0, 0, 0, .000, 0, 0, 0, 0, 2, 0, 0, 0, 0, 0.0, 
8, Becca Latham, 3, 12, 1, 29, .379, 0, 0, 0, 0, 1, 0, 1, 0, 0, 12.5, 
10, Lydia Bartalo, 3, 12, 4, 26, .308, 0, 2, 2, 0, 8, 0, 0, 0, 0, 14.0, 
12, Macy Carrabine, 3, 0, 0, 0, .000, 9, 2, 0, 1, 26, 0, 0, 0, 0, 2.0, 
13, Tina Boe, 3, 4, 2, 19, .105, 1, 1, 1, 0, 0, 0, 2, 0, 0, 6.0, 
15, Emma Willis, 3, 3, 0, 11, .273, 0, 0, 0, 0, 0, 0, 2, 0, 0, 4.0, 
Totals, 49, 11, 130, .292, 47, 5, 8, 2, 63, 0, 9, 1, 1, 58.5, 
~
South Dakota, 
, -- Attack --, , -- Serve --, , -- Block --, , , 
#, Player, SP, K, E, TA, K%, A, SA, SE, RE, DIGS, BS, BA, BE, BHE, PTS, 
3, Taylor Wilson, 3, 11, 3, 23, .348, 0, 0, 0, 0, 3, 1, 0, 1, 0, 12.0, 
4, Madison Jurgens, 3, 7, 0, 9, .778, 31, 1, 2, 0, 12, 0, 2, 0, 1, 9.0, 
6, Hayley Dotseth, 3, 11, 3, 45, .178, 2, 0, 1, 0, 10, 0, 0, 0, 0, 11.0, 
8, Lauren Sauer, 2, 0, 0, 0, .000, 0, 0, 0, 1, 5, 0, 0, 0, 0, 0.0, 
9, Kristina Susak, 3, 11, 1, 25, .400, 0, 0, 0, 0, 1, 0, 1, 1, 0, 11.5, 
12, Elizabeth Loschen, 3, 2, 3, 17, -.059, 0, 0, 0, 0, 0, 0, 0, 0, 2, 2.0, 
14, Lolo Weideman, 3, 0, 1, 1, -1.000, 1, 1, 0, 2, 4, 0, 0, 0, 0, 1.0, 
15, Anne Rasmussen, 3, 0, 0, 0, .000, 6, 0, 0, 1, 17, 0, 0, 0, 0, 0.0, 
16, Mehana Fonseca, 3, 0, 0, 0, .000, 1, 0, 2, 0, 7, 0, 0, 0, 0, 0.0, 
17, Emily Grathoff, 3, 1, 0, 3, .333, 0, 0, 0, 0, 1, 0, 3, 1, 0, 2.5, 
TM, TEAM, 1, 0, 0, 0, .000, 0, 0, 0, 1, 0, 0, 0, 0, 0, 0.0, 
Totals, 43, 11, 123, .260, 41, 2, 5, 5, 60, 1, 6, 3, 3, 49.0, 
~
