Final, 1, 2, 3, Score, 
Fairleigh Dickinson (0-7), 14, 18, 16, 0, 
Denver (6-1), 25, 25, 25, 3, 
~
Fairleigh Dickinson, 
, -- Attack --, , -- Serve --, , -- Block --, , , 
#, Player, SP, K, E, TA, K%, A, SA, SE, RE, DIGS, BS, BA, BE, BHE, PTS, 
3, YOUNG, Jaelyn, 3, 0, 0, 0, .000, 0, 0, 0, 2, 2, 0, 0, 0, 0, 0.0, 
5, STEVENS, Brooke, 3, 1, 1, 3, .000, 1, 0, 0, 0, 1, 0, 0, 0, 0, 1.0, 
6, QUAINTANCE, Kati, 3, 3, 2, 7, .143, 0, 0, 0, 0, 0, 0, 2, 0, 0, 4.0, 
7, BELL, Libby, 2, 0, 0, 0, .000, 1, 0, 0, 0, 4, 0, 0, 0, 0, 0.0, 
8, KOESTER, Allison, 2, 0, 0, 1, .000, 2, 0, 0, 0, 3, 0, 0, 0, 1, 0.0, 
12, STREBIG, Abigail, 1, 0, 1, 1, -1.000, 0, 0, 0, 0, 0, 0, 0, 0, 0, 0.0, 
13, SETTERLUND, McKenna, 3, 3, 0, 4, .750, 11, 0, 0, 0, 1, 0, 0, 0, 1, 3.0, 
14, SULLIVAN, Erika, 3, 5, 3, 19, .105, 0, 0, 0, 2, 2, 0, 1, 0, 0, 5.5, 
15, LILLER, Emma, 2, 0, 0, 0, .000, 0, 0, 0, 0, 0, 0, 0, 0, 0, 0.0, 
16, MAKSIMOVIC,Magdalena, 3, 6, 3, 16, .188, 1, 0, 0, 0, 1, 0, 0, 0, 0, 6.0, 
21, THROCKMORTON,Jessica, 3, 1, 4, 9, -.333, 0, 2, 0, 2, 2, 0, 1, 0, 0, 3.5, 
32, SINGER, Erin, 3, 4, 2, 14, .143, 0, 0, 0, 0, 2, 1, 0, 0, 0, 5.0, 
TM, TEAM, 1, 0, 0, 0, .000, 0, 0, 0, 1, 0, 0, 0, 0, 0, 0.0, 
Totals, 23, 16, 74, .095, 16, 2, 0, 7, 18, 1, 4, 0, 2, 28.0, 
~
Denver, 
, -- Attack --, , -- Serve --, , -- Block --, , , 
#, Player, SP, K, E, TA, K%, A, SA, SE, RE, DIGS, BS, BA, BE, BHE, PTS, 
1, Graceyn Tippens, 2, 3, 3, 6, .000, 0, 0, 1, 0, 0, 0, 0, 0, 0, 3.0, 
2, Katarina Marinkovic, 3, 8, 4, 16, .250, 0, 0, 1, 0, 2, 0, 2, 0, 0, 9.0, 
3, Andrea Eddy, 3, 0, 0, 0, .000, 11, 0, 1, 0, 2, 0, 0, 0, 0, 0.0, 
5, Olivia Novotny, 2, 0, 0, 0, .000, 0, 0, 1, 0, 4, 0, 0, 0, 0, 0.0, 
6, Ellie Anderson, 3, 0, 1, 1, -1.000, 21, 0, 0, 0, 5, 0, 0, 0, 0, 0.0, 
7, Lauren McManus, 3, 0, 0, 0, .000, 4, 1, 0, 0, 6, 0, 0, 0, 0, 1.0, 
8, Becca Latham, 3, 14, 3, 19, .579, 0, 0, 0, 0, 1, 0, 2, 0, 0, 15.0, 
9, Mara Abernethy, 1, 0, 0, 1, .000, 0, 0, 1, 0, 0, 0, 0, 0, 0, 0.0, 
10, Lydia Bartalo, 3, 8, 3, 18, .278, 0, 5, 2, 2, 5, 0, 1, 0, 0, 13.5, 
11, Michelle Feliciano, 2, 0, 0, 0, .000, 7, 0, 1, 0, 1, 0, 0, 0, 0, 0.0, 
12, Macy Carrabine, 1, 0, 0, 0, .000, 0, 0, 0, 0, 1, 0, 0, 0, 0, 0.0, 
13, Tina Boe, 3, 5, 0, 11, .455, 0, 1, 0, 0, 1, 0, 3, 0, 0, 7.5, 
14, Taylor Joachim, 3, 6, 0, 7, .857, 1, 0, 0, 0, 0, 0, 3, 0, 0, 7.5, 
15, Emma Willis, 3, 4, 1, 8, .375, 0, 0, 0, 0, 1, 1, 5, 1, 0, 7.5, 
17, Katie Mahoney, 1, 1, 0, 1, 1.000, 0, 0, 0, 0, 0, 0, 0, 0, 0, 1.0, 
Totals, 49, 15, 88, .386, 44, 7, 8, 2, 29, 1, 16, 1, 0, 65.0, 
~
