Final, 1, 2, 3, 4, 5, Score, 
Connecticut (6-4), 21, 25, 29, 14, 16, 2, 
Purdue Fort Wayne (6-4), 25, 23, 27, 25, 18, 3, 
~
Connecticut, 
, -- Attack --, , -- Serve --, , -- Block --, , , 
#, Player, SP, K, E, TA, K%, A, SA, SE, RE, DIGS, BS, BA, BE, BHE, PTS, 
1, Elizabeth Kline, 5, 0, 0, 0, .000, 6, 0, 1, 1, 25, 0, 0, 0, 0, 0.0, 
2, Danielle Cabel, 5, 6, 5, 24, .042, 1, 0, 0, 0, 0, 0, 0, 1, 0, 6.0, 
4, Emma Turner, 5, 1, 0, 1, 1.000, 34, 0, 4, 0, 16, 0, 0, 0, 0, 1.0, 
5, Ally Barrett, 1, 1, 0, 2, .500, 0, 0, 0, 0, 0, 0, 0, 1, 0, 1.0, 
6, Kennadie Jake-Turner, 5, 7, 3, 15, .267, 0, 0, 0, 0, 2, 1, 1, 0, 0, 8.5, 
7, Anna Petrova, 5, 10, 4, 32, .188, 0, 0, 0, 0, 5, 0, 3, 0, 0, 11.5, 
8, Genna Florig, 5, 8, 1, 15, .467, 2, 0, 3, 0, 1, 1, 5, 0, 0, 11.5, 
12, Courtney Morris, 5, 0, 1, 1, -1.000, 18, 1, 3, 0, 8, 0, 0, 0, 4, 1.0, 
14, Caylee Parker, 5, 26, 11, 61, .246, 1, 1, 1, 1, 15, 0, 2, 0, 0, 28.0, 
15, Iman Mcgary, 5, 7, 10, 37, -.081, 0, 1, 1, 1, 16, 0, 1, 0, 0, 8.5, 
TM, Team, 1, 0, 0, 0, .000, 0, 0, 0, 1, 0, 0, 0, 0, 0, 0.0, 
Totals, 66, 35, 188, .165, 62, 3, 13, 4, 88, 2, 12, 2, 4, 77.0, 
~
Purdue Fort Wayne, 
, -- Attack --, , -- Serve --, , -- Block --, , , 
#, Player, SP, K, E, TA, K%, A, SA, SE, RE, DIGS, BS, BA, BE, BHE, PTS, 
1, Madison Jaqua, 5, 1, 0, 8, .125, 52, 0, 0, 0, 9, 0, 2, 0, 3, 2.0, 
2, Julia Wayer, 1, 0, 0, 0, .000, 0, 0, 1, 0, 7, 0, 0, 0, 0, 0.0, 
3, Elizabeth Britner, 5, 0, 0, 0, .000, 1, 2, 4, 0, 14, 0, 0, 0, 0, 2.0, 
4, Victoria Mills, 5, 0, 0, 0, .000, 4, 0, 1, 0, 12, 0, 0, 0, 0, 0.0, 
8, Elizabeth Fuerst, 5, 11, 7, 40, .100, 0, 0, 0, 0, 3, 0, 7, 0, 0, 14.5, 
9, Katie Crowe, 5, 13, 2, 35, .314, 1, 1, 2, 1, 20, 0, 1, 0, 0, 14.5, 
10, Sandra Hoevels, 5, 9, 3, 18, .333, 0, 0, 0, 0, 0, 0, 9, 0, 0, 13.5, 
13, Sydney Boerst, 5, 12, 6, 23, .261, 0, 0, 0, 0, 0, 1, 5, 0, 0, 15.5, 
14, Madelyn Wurster, 1, 0, 0, 1, .000, 0, 0, 0, 0, 0, 0, 0, 0, 0, 0.0, 
24, Nicole Rightnowar, 5, 14, 5, 55, .164, 2, 1, 2, 2, 14, 0, 4, 0, 0, 17.0, 
Totals, 60, 23, 180, .206, 60, 4, 10, 3, 79, 1, 28, 0, 3, 79.0, 
~
