Final, 1, 2, 3, 4, Score, 
Omaha (6-7, 1-0), 17, 25, 25, 25, 3, 
South Dakota State (3-11, 0-1), 25, 23, 18, 22, 1, 
~
Omaha, 
, -- Attack --, , -- Serve --, , -- Block --, , , 
#, Player, SP, K, E, TA, K%, A, SA, SE, RE, DIGS, BS, BA, BE, BHE, PTS, 
1, Courtney Morehead, 4, 0, 0, 2, .000, 0, 0, 0, 1, 7, 0, 0, 0, 0, 0.0, 
3, Abby Bergsten, 4, 5, 5, 26, .000, 0, 0, 0, 0, 0, 0, 0, 0, 0, 5.0, 
5, Kenzie Michalek, 4, 0, 0, 0, .000, 0, 0, 3, 2, 6, 0, 0, 0, 0, 0.0, 
6, Isabella Sade, 4, 15, 7, 27, .296, 0, 0, 4, 0, 3, 0, 3, 0, 0, 16.5, 
8, Claire Mountjoy, 4, 0, 0, 0, .000, 2, 0, 0, 0, 19, 0, 0, 0, 0, 0.0, 
10, Sadie Limback, 4, 10, 9, 28, .036, 1, 2, 3, 1, 16, 0, 2, 0, 0, 13.0, 
11, Anna Blaschko, 4, 10, 2, 23, .348, 0, 0, 0, 0, 0, 1, 2, 0, 0, 12.0, 
14, Claire Leonard, 4, 13, 4, 28, .321, 0, 0, 0, 0, 5, 0, 1, 0, 0, 13.5, 
16, Maggie Meyer, 2, 0, 0, 0, .000, 0, 0, 0, 1, 0, 0, 0, 0, 0, 0.0, 
24, Sydney Case, 4, 1, 0, 4, .250, 48, 1, 5, 0, 3, 0, 2, 0, 0, 3.0, 
TM, TEAM, 1, 0, 0, 0, .000, 0, 0, 0, 0, 0, 0, 0, 0, 0, 0.0, 
Totals, 54, 27, 138, .196, 51, 3, 15, 5, 59, 1, 10, 0, 0, 63.0, 
~
South Dakota State, 
, -- Attack --, , -- Serve --, , -- Block --, , , 
#, Player, SP, K, E, TA, K%, A, SA, SE, RE, DIGS, BS, BA, BE, BHE, PTS, 
1, Sierra Peterson, 4, 11, 3, 26, .308, 0, 0, 0, 0, 0, 0, 4, 0, 0, 13.0, 
2, Kari Brucker, 4, 0, 0, 0, .000, 0, 1, 3, 1, 6, 0, 0, 0, 0, 1.0, 
3, Makenzie Hennen, 4, 7, 9, 39, -.051, 0, 0, 3, 0, 10, 0, 3, 0, 0, 8.5, 
4, Ashlynn Smith, 4, 8, 6, 24, .083, 0, 1, 0, 1, 7, 0, 2, 0, 0, 10.0, 
5, Kasey Brower, 4, 0, 0, 2, .000, 0, 0, 0, 0, 10, 0, 0, 0, 0, 0.0, 
9, Crystal Burk, 1, 0, 0, 0, .000, 0, 0, 0, 0, 0, 0, 0, 0, 0, 0.0, 
11, Payton Richardson, 4, 6, 3, 14, .214, 0, 0, 0, 0, 0, 0, 8, 0, 0, 10.0, 
12, Ellie Thein, 4, 0, 0, 2, .000, 1, 0, 1, 1, 9, 0, 0, 0, 0, 0.0, 
15, Sydney Andrews, 4, 7, 3, 17, .235, 1, 1, 3, 0, 2, 0, 2, 0, 0, 9.0, 
18, Maddie Fay, 4, 2, 0, 8, .250, 37, 2, 0, 0, 6, 0, 1, 1, 0, 4.5, 
TM, TEAM, 1, 0, 0, 0, .000, 0, 0, 0, 0, 0, 0, 0, 0, 0, 0.0, 
Totals, 41, 24, 132, .129, 39, 5, 10, 3, 50, 0, 20, 1, 0, 56.0, 
~
