Final, 1, 2, 3, Score, 
Navy (7-5), 14, 17, 24, 0, 
Denver (9-1), 25, 25, 26, 3, 
~
Navy, 
, -- Attack --, , -- Serve --, , -- Block --, , , 
#, Player, SP, K, E, TA, K%, A, SA, SE, RE, DIGS, BS, BA, BE, BHE, PTS, 
1, Sgattoni, Maddi, 3, 9, 5, 28, .143, 1, 1, 0, 2, 6, 0, 1, 1, 0, 10.5, 
2, Minton, Darby, 3, 0, 0, 1, .000, 0, 2, 0, 2, 3, 0, 0, 0, 0, 2.0, 
3, Mattingly, Patricia, 2, 2, 0, 4, .500, 17, 1, 1, 0, 6, 0, 2, 0, 0, 4.0, 
4, Lynch, Kimberly, 1, 0, 0, 0, .000, 0, 0, 0, 0, 2, 0, 0, 0, 0, 0.0, 
5, Shearn, Sydney, 3, 0, 0, 0, .000, 1, 0, 0, 2, 9, 0, 0, 0, 0, 0.0, 
6, Miles, Paige, 1, 0, 1, 3, -.333, 5, 0, 1, 0, 0, 0, 1, 0, 0, 0.5, 
9, Solis, Emily, 3, 0, 0, 0, .000, 0, 0, 1, 1, 4, 0, 0, 0, 0, 0.0, 
12, Seelbach, Sarena, 3, 3, 4, 15, -.067, 1, 0, 1, 0, 2, 2, 1, 1, 0, 5.5, 
14, Patrick, Katie, 3, 5, 2, 15, .200, 0, 0, 0, 0, 0, 0, 7, 0, 0, 8.5, 
15, Montag, Amanda, 1, 2, 3, 9, -.111, 0, 0, 0, 0, 1, 0, 1, 0, 0, 2.5, 
17, Kingsland, Kelsey, 2, 1, 5, 13, -.308, 0, 0, 0, 0, 0, 0, 0, 0, 0, 1.0, 
19, Rozmus, Olivia, 3, 4, 2, 13, .154, 0, 0, 0, 0, 2, 1, 3, 0, 0, 6.5, 
TM, TEAM, 1, 0, 0, 0, .000, 0, 0, 0, 0, 0, 0, 0, 0, 0, 0.0, 
Totals, 26, 22, 101, .040, 25, 4, 4, 7, 35, 3, 16, 2, 0, 41.0, 
~
Denver, 
, -- Attack --, , -- Serve --, , -- Block --, , , 
#, Player, SP, K, E, TA, K%, A, SA, SE, RE, DIGS, BS, BA, BE, BHE, PTS, 
2, Katarina Marinkovic, 3, 9, 5, 20, .200, 0, 4, 1, 2, 6, 0, 2, 0, 0, 14.0, 
3, Andrea Eddy, 3, 0, 0, 0, .000, 11, 0, 0, 0, 0, 0, 0, 0, 1, 0.0, 
5, Olivia Novotny, 2, 0, 0, 0, .000, 3, 0, 0, 0, 5, 0, 0, 0, 0, 0.0, 
6, Ellie Anderson, 3, 2, 0, 3, .667, 17, 0, 1, 0, 8, 0, 0, 0, 0, 2.0, 
7, Lauren McManus, 1, 0, 0, 0, .000, 0, 1, 0, 1, 6, 0, 0, 0, 0, 1.0, 
8, Becca Latham, 3, 10, 4, 21, .286, 0, 0, 0, 0, 2, 0, 1, 0, 0, 10.5, 
10, Lydia Bartalo, 3, 7, 6, 25, .040, 2, 2, 0, 1, 9, 1, 0, 0, 0, 10.0, 
11, Michelle Feliciano, 1, 0, 0, 0, .000, 1, 0, 0, 0, 3, 0, 0, 0, 0, 0.0, 
12, Macy Carrabine, 2, 0, 0, 0, .000, 1, 0, 1, 0, 3, 0, 0, 0, 0, 0.0, 
13, Tina Boe, 3, 5, 3, 14, .143, 0, 0, 0, 0, 3, 0, 5, 0, 0, 7.5, 
14, Taylor Joachim, 3, 3, 1, 9, .222, 0, 0, 0, 0, 0, 0, 4, 0, 0, 5.0, 
15, Emma Willis, 3, 5, 1, 11, .364, 0, 0, 0, 0, 1, 0, 2, 0, 0, 6.0, 
TM, TEAM, 1, 0, 0, 0, .000, 0, 0, 0, 0, 0, 0, 0, 0, 0, 0.0, 
Totals, 41, 20, 103, .204, 35, 7, 3, 4, 46, 1, 14, 0, 1, 56.0, 
~
