Final, 1, 2, 3, Score, 
Purdue Fort Wayne (11-10 (2-5 Summit)), 19, 19, 19, 0, 
Denver (17-1 (6-0 Summit)), 25, 25, 25, 3, 
~
Purdue Fort Wayne, 
, -- Attack --, , -- Serve --, , -- Block --, , , 
#, Player, SP, K, E, TA, K%, A, SA, SE, RE, DIGS, BS, BA, BE, BHE, PTS, 
1, Madison Jaqua, 3, 0, 0, 0, .000, 13, 1, 1, 0, 0, 0, 0, 0, 2, 1.0, 
2, Julia Wayer, 2, 0, 0, 0, .000, 0, 0, 1, 0, 5, 0, 0, 0, 0, 0.0, 
3, Elizabeth Britner, 2, 0, 0, 0, .000, 3, 0, 0, 0, 15, 0, 0, 0, 0, 0.0, 
4, Victoria Mills, 3, 0, 0, 1, .000, 11, 0, 0, 0, 2, 0, 0, 0, 0, 0.0, 
5, Je'Bria Green, 3, 3, 0, 7, .429, 0, 0, 0, 0, 2, 0, 4, 1, 0, 5.0, 
7, Taylor Duddleston, 1, 0, 0, 0, .000, 0, 0, 0, 0, 0, 0, 0, 0, 0, 0.0, 
8, Elizabeth Fuerst, 2, 1, 3, 10, -.200, 1, 0, 0, 0, 0, 0, 1, 2, 0, 1.5, 
9, Katie Crowe, 3, 5, 3, 20, .100, 0, 1, 4, 1, 11, 0, 3, 0, 0, 7.5, 
10, Sandra Hoevels, 1, 0, 0, 1, .000, 0, 0, 0, 0, 0, 0, 2, 0, 0, 1.0, 
13, Sydney Boerst, 3, 1, 3, 9, -.222, 0, 0, 0, 0, 0, 0, 2, 0, 0, 2.0, 
14, Madelyn Wurster, 3, 9, 5, 21, .190, 0, 0, 0, 0, 1, 0, 1, 0, 0, 9.5, 
24, Nicole Rightnowar, 3, 10, 6, 34, .118, 0, 0, 1, 1, 4, 0, 1, 0, 0, 10.5, 
TM, TEAM, 1, 0, 0, 0, .000, 0, 0, 0, 1, 0, 0, 0, 0, 0, 0.0, 
Totals, 29, 20, 103, .087, 28, 2, 7, 3, 40, 0, 14, 3, 2, 38.0, 
~
Denver, 
, -- Attack --, , -- Serve --, , -- Block --, , , 
#, Player, SP, K, E, TA, K%, A, SA, SE, RE, DIGS, BS, BA, BE, BHE, PTS, 
2, Katarina Marinkovic, 3, 8, 3, 15, .333, 0, 0, 3, 1, 6, 0, 2, 0, 0, 9.0, 
3, Andrea Eddy, 3, 0, 0, 1, .000, 17, 1, 1, 0, 9, 0, 0, 0, 0, 1.0, 
6, Ellie Anderson, 3, 0, 0, 0, .000, 21, 1, 0, 0, 7, 0, 0, 0, 0, 1.0, 
7, Lauren McManus, 3, 0, 0, 0, .000, 0, 0, 0, 1, 5, 0, 0, 0, 0, 0.0, 
8, Becca Latham, 3, 7, 3, 18, .222, 0, 0, 0, 0, 2, 0, 3, 0, 0, 8.5, 
10, Lydia Bartalo, 3, 7, 6, 27, .037, 0, 0, 3, 0, 8, 0, 4, 0, 1, 9.0, 
12, Macy Carrabine, 3, 0, 0, 1, .000, 1, 1, 0, 0, 10, 0, 0, 0, 0, 1.0, 
13, Tina Boe, 3, 8, 0, 14, .571, 0, 0, 0, 0, 1, 0, 6, 0, 0, 11.0, 
14, Taylor Joachim, 3, 4, 2, 14, .143, 0, 0, 0, 0, 1, 0, 4, 0, 0, 6.0, 
15, Emma Willis, 3, 7, 4, 15, .200, 0, 0, 0, 0, 0, 0, 7, 0, 0, 10.5, 
Totals, 41, 18, 105, .219, 39, 3, 7, 2, 49, 0, 26, 0, 1, 57.0, 
~
