Final, 1, 2, 3, Score, 
Western Illinois (1-11), 13, 19, 14, 0, 
Valparaiso (11-2), 25, 25, 25, 3, 
~
Western Illinois, 
, -- Attack --, , -- Serve --, , -- Block --, , , 
#, Player, SP, K, E, TA, K%, A, SA, SE, RE, DIGS, BS, BA, BE, BHE, PTS, 
5, Jaime Johnson, 3, 0, 0, 1, .000, 8, 1, 2, 0, 4, 0, 0, 1, 0, 1.0, 
6, Mariah Mitchell, 3, 4, 0, 9, .444, 0, 0, 0, 0, 2, 0, 3, 0, 0, 5.5, 
7, Melanie Patenaude, 3, 4, 2, 19, .105, 1, 0, 1, 3, 2, 0, 0, 1, 0, 4.0, 
9, Kaylee Woodard, 2, 0, 0, 0, .000, 0, 0, 0, 0, 0, 0, 0, 0, 0, 0.0, 
11, Abby Knoop, 1, 0, 1, 2, -.500, 0, 0, 0, 2, 0, 0, 0, 0, 0, 0.0, 
12, Erika Moore, 3, 1, 0, 1, 1.000, 2, 0, 0, 1, 6, 0, 0, 0, 0, 1.0, 
14, Cassie Hunt, 3, 0, 0, 1, .000, 5, 0, 2, 0, 1, 0, 0, 1, 0, 0.0, 
15, Mackenzie Steckler, 3, 3, 1, 6, .333, 0, 0, 0, 0, 0, 0, 5, 1, 0, 5.5, 
17, Riley Schumacher, 3, 3, 2, 10, .100, 0, 0, 0, 0, 1, 0, 1, 0, 0, 3.5, 
19, Hannah Walker, 1, 0, 0, 0, .000, 0, 0, 1, 0, 1, 0, 0, 0, 0, 0.0, 
20, Kennedy Drewis, 1, 0, 2, 5, -.400, 0, 0, 0, 1, 0, 0, 1, 0, 0, 0.5, 
21, Madeline Dieter, 1, 0, 0, 0, .000, 0, 0, 0, 0, 0, 0, 0, 0, 0, 0.0, 
23, Jovana Bulatovic, 3, 3, 3, 12, .000, 0, 0, 0, 0, 2, 0, 2, 0, 0, 4.0, 
24, Emma Norris, 1, 0, 2, 4, -.500, 0, 0, 0, 2, 3, 0, 0, 0, 0, 0.0, 
Totals, 18, 13, 70, .071, 16, 1, 6, 9, 22, 0, 12, 4, 0, 25.0, 
~
Valparaiso, 
, -- Attack --, , -- Serve --, , -- Block --, , , 
#, Player, SP, K, E, TA, K%, A, SA, SE, RE, DIGS, BS, BA, BE, BHE, PTS, 
1, Hart, Haley, 2, 5, 2, 7, .429, 0, 0, 0, 0, 0, 1, 2, 0, 0, 7.0, 
2, Flynders, Melissa, 2, 0, 0, 0, .000, 0, 1, 2, 0, 1, 0, 0, 0, 0, 1.0, 
3, Carlson, Katherine, 2, 2, 1, 5, .200, 0, 0, 1, 0, 4, 0, 0, 0, 0, 2.0, 
4, Grant, Jillian, 3, 3, 5, 14, -.143, 2, 0, 1, 1, 8, 0, 0, 1, 0, 3.0, 
5, Bronner, Sydney, 2, 7, 0, 10, .700, 0, 0, 0, 0, 0, 0, 1, 0, 0, 7.5, 
7, Cookerly, Rylee, 3, 0, 0, 0, .000, 1, 1, 3, 0, 10, 0, 0, 0, 0, 1.0, 
8, Brown, Alana, 1, 0, 0, 0, .000, 0, 0, 1, 0, 0, 0, 0, 0, 0, 0.0, 
9, Anderson, Brittany, 3, 2, 0, 2, 1.000, 37, 2, 2, 0, 6, 0, 0, 0, 0, 4.0, 
10, Ketcham, Allison, 2, 2, 3, 8, -.125, 1, 4, 0, 0, 4, 0, 0, 0, 0, 6.0, 
11, Bulmahn, Jaclyn, 2, 3, 1, 10, .200, 1, 0, 0, 0, 0, 0, 2, 0, 0, 4.0, 
14, Daniels, Gabrielle, 1, 0, 0, 0, .000, 0, 0, 0, 0, 2, 0, 0, 0, 0, 0.0, 
16, Cummings, Ally, 3, 13, 1, 19, .632, 0, 0, 1, 0, 0, 0, 2, 0, 0, 14.0, 
17, McCarthy, Peyton, 2, 9, 2, 12, .583, 0, 1, 0, 0, 0, 0, 1, 0, 0, 10.5, 
Totals, 46, 15, 87, .356, 42, 9, 11, 1, 35, 1, 8, 1, 0, 60.0, 
~
