Final, 1, 2, 3, 4, Score, 
South Dakota State (3-9), 25, 25, 23, 25, 3, 
North Fla. (4-9), 15, 23, 25, 19, 1, 
~
South Dakota State, 
, -- Attack --, , -- Serve --, , -- Block --, , , 
#, Player, SP, K, E, TA, K%, A, SA, SE, RE, DIGS, BS, BA, BE, BHE, PTS, 
1, Sierra Peterson, 4, 13, 7, 33, .182, 0, 0, 0, 0, 4, 0, 5, 0, 0, 15.5, 
3, Makenzie Hennen, 4, 15, 6, 39, .231, 0, 3, 1, 1, 11, 0, 1, 1, 0, 18.5, 
4, Ashlynn Smith, 4, 14, 4, 34, .294, 0, 1, 0, 2, 14, 0, 2, 0, 0, 16.0, 
5, Kasey Brower, 4, 0, 0, 1, .000, 0, 3, 2, 0, 2, 0, 0, 0, 0, 3.0, 
9, Crystal Burk, 2, 1, 1, 5, .000, 0, 0, 1, 0, 1, 0, 0, 0, 0, 1.0, 
11, Payton Richardson, 4, 7, 2, 17, .294, 1, 0, 0, 0, 6, 1, 7, 0, 0, 11.5, 
12, Ellie Thein, 4, 0, 1, 2, -.500, 3, 0, 3, 0, 14, 0, 0, 0, 0, 0.0, 
15, Sydney Andrews, 4, 8, 4, 17, .235, 0, 2, 0, 0, 0, 0, 2, 0, 0, 11.0, 
18, Maddie Fay, 4, 2, 0, 5, .400, 50, 1, 1, 0, 6, 1, 1, 0, 0, 4.5, 
Totals, 60, 25, 153, .229, 54, 10, 8, 3, 58, 2, 18, 1, 0, 81.0, 
~
North Fla., 
, -- Attack --, , -- Serve --, , -- Block --, , , 
#, Player, SP, K, E, TA, K%, A, SA, SE, RE, DIGS, BS, BA, BE, BHE, PTS, 
1, Solimar Cestero, 4, 9, 5, 23, .174, 0, 0, 0, 1, 0, 0, 0, 0, 0, 9.0, 
2, Callie Workman, 4, 0, 0, 0, .000, 1, 0, 1, 1, 7, 0, 0, 0, 0, 0.0, 
3, Gabby O'Connell, 3, 4, 6, 23, -.087, 2, 2, 1, 1, 12, 1, 2, 0, 0, 8.0, 
5, Madison Donnelly, 2, 0, 0, 0, .000, 0, 0, 0, 0, 2, 0, 0, 0, 0, 0.0, 
6, Emma Dixon, 1, 1, 3, 6, -.333, 0, 0, 0, 0, 0, 0, 0, 0, 0, 1.0, 
7, Devyn Wheeler, 4, 8, 5, 36, .083, 2, 0, 0, 5, 8, 0, 2, 0, 0, 9.0, 
8, Grace Peterson, 1, 0, 0, 0, .000, 0, 0, 0, 0, 0, 0, 0, 0, 0, 0.0, 
11, Charyari Ramos, 1, 0, 0, 0, .000, 0, 0, 0, 0, 0, 0, 0, 0, 0, 0.0, 
14, Alana Shoff, 4, 4, 1, 10, .300, 0, 0, 0, 0, 2, 0, 4, 0, 0, 6.0, 
17, Madilyn McCarty, 4, 10, 1, 15, .600, 27, 1, 0, 0, 5, 0, 4, 0, 0, 13.0, 
18, Asante Lopez, 4, 0, 0, 0, .000, 4, 0, 0, 1, 21, 0, 0, 0, 0, 0.0, 
19, Kaileen Herman, 2, 0, 1, 1, -1.000, 6, 0, 0, 0, 4, 0, 0, 0, 0, 0.0, 
42, Taryn Griffey, 4, 10, 2, 21, .381, 0, 0, 1, 0, 1, 2, 4, 0, 0, 14.0, 
TM, TEAM, 1, 0, 0, 0, .000, 0, 0, 0, 1, 0, 0, 0, 0, 0, 0.0, 
Totals, 46, 24, 135, .163, 42, 3, 3, 10, 62, 3, 16, 0, 0, 60.0, 
~
