Final, 1, 2, 3, Score, 
Georgia Southern (1-5), 25, 27, 25, 3, 
North Dakota State (1-5), 19, 25, 18, 0, 
~
Georgia Southern, 
, -- Attack --, , -- Serve --, , -- Block --, , , 
#, Player, SP, K, E, TA, K%, A, SA, SE, RE, DIGS, BS, BA, BE, BHE, PTS, 
1, Brooke Birch, 3, 0, 0, 0, .000, 2, 0, 2, 1, 10, 0, 0, 0, 0, 0.0, 
2, Joscelin Morrow, 3, 0, 0, 0, .000, 3, 3, 2, 0, 18, 0, 0, 0, 0, 3.0, 
3, Ryan Tuten, 3, 0, 1, 3, -.333, 0, 2, 3, 0, 9, 0, 0, 0, 0, 2.0, 
4, Skylar Ball, 3, 12, 4, 21, .381, 0, 0, 0, 0, 3, 0, 1, 0, 0, 12.5, 
6, Lauren Reichard, 3, 6, 1, 19, .263, 1, 0, 0, 1, 4, 1, 2, 1, 0, 8.0, 
10, Maddie Bryant, 3, 12, 1, 26, .423, 0, 0, 0, 1, 0, 0, 3, 0, 0, 13.5, 
11, Carly Turner, 3, 12, 4, 30, .267, 1, 0, 0, 0, 3, 0, 1, 0, 0, 12.5, 
18, Madison Brown, 3, 2, 1, 5, .200, 34, 0, 0, 0, 5, 0, 1, 0, 2, 2.5, 
25, Lauren Hager, 3, 4, 1, 14, .214, 2, 0, 0, 0, 0, 0, 4, 0, 0, 6.0, 
26, Katelynn Riner, 3, 0, 0, 0, .000, 0, 0, 2, 1, 6, 0, 0, 0, 0, 0.0, 
Totals, 48, 13, 118, .297, 43, 5, 9, 4, 58, 1, 12, 1, 2, 60.0, 
~
North Dakota State, 
, -- Attack --, , -- Serve --, , -- Block --, , , 
#, Player, SP, K, E, TA, K%, A, SA, SE, RE, DIGS, BS, BA, BE, BHE, PTS, 
1, Kirstin Tidd, 3, 2, 1, 6, .167, 0, 0, 0, 0, 0, 0, 3, 0, 0, 3.5, 
2, Allie Mauch, 3, 7, 4, 21, .143, 0, 0, 0, 1, 3, 0, 1, 1, 0, 7.5, 
4, Ally Murphy, 2, 0, 0, 1, .000, 0, 0, 0, 0, 1, 0, 0, 0, 0, 0.0, 
5, McKenzie Burke, 3, 10, 7, 42, .071, 1, 1, 1, 1, 3, 0, 2, 0, 0, 12.0, 
6, Alex Erickson, 1, 0, 0, 1, .000, 0, 0, 0, 0, 2, 0, 0, 0, 0, 0.0, 
7, Abbi Klos, 3, 0, 0, 0, .000, 1, 1, 0, 1, 12, 0, 0, 0, 0, 1.0, 
8, Bella Lien, 1, 0, 0, 0, .000, 0, 0, 0, 0, 0, 0, 0, 0, 0, 0.0, 
9, Emily Halverson, 3, 6, 3, 14, .214, 0, 0, 0, 0, 1, 0, 2, 0, 0, 7.0, 
10, Maggie Steffen, 3, 6, 1, 20, .250, 1, 1, 1, 0, 6, 0, 0, 0, 0, 7.0, 
11, Paige Schaffer, 1, 0, 0, 0, .000, 0, 0, 0, 0, 0, 0, 0, 0, 0, 0.0, 
12, Kaylee Hanger, 3, 0, 0, 0, .000, 0, 1, 0, 1, 17, 0, 0, 0, 0, 1.0, 
13, Alexis Bachmeier, 2, 1, 2, 7, -.143, 0, 0, 0, 0, 1, 0, 0, 0, 0, 1.0, 
16, Kalli Hegerle, 3, 2, 1, 9, .111, 28, 0, 1, 0, 3, 0, 2, 0, 2, 3.0, 
TM, TEAM, 1, 0, 0, 0, .000, 0, 0, 0, 1, 0, 0, 0, 0, 0, 0.0, 
Totals, 34, 19, 121, .124, 31, 4, 3, 5, 49, 0, 10, 1, 2, 43.0, 
~
