Final, 1, 2, 3, 4, Score, 
North Dakota (6-6), 25, 25, 20, 25, 3, 
Jacksonville (1-8), 17, 21, 25, 22, 1, 
~
North Dakota, 
, -- Attack --, , -- Serve --, , -- Block --, , , 
#, Player, SP, K, E, TA, K%, A, SA, SE, RE, DIGS, BS, BA, BE, BHE, PTS, 
0, Kayla Williams, 4, 12, 4, 34, .235, 0, 0, 0, 2, 12, 1, 0, 0, 0, 13.0, 
5, Alivia Fraase, 4, 0, 0, 0, .000, 2, 1, 1, 0, 9, 0, 0, 0, 0, 1.0, 
8, Lydia Rutten, 4, 7, 1, 10, .600, 0, 0, 2, 0, 0, 0, 0, 0, 0, 7.0, 
9, Roosa Rautio, 4, 3, 0, 9, .333, 38, 1, 2, 0, 3, 0, 1, 0, 3, 4.5, 
12, Jordan Vail, 4, 10, 6, 29, .138, 0, 0, 0, 0, 0, 1, 3, 1, 0, 12.5, 
18, Ashley Brueggeman, 4, 9, 0, 21, .429, 0, 0, 0, 0, 5, 0, 1, 0, 0, 9.5, 
2, Brynn Nieukirk, 4, 7, 1, 22, .273, 0, 0, 0, 0, 3, 0, 1, 0, 0, 7.5, 
4, Taliyah Flores, 4, 0, 0, 1, .000, 1, 0, 1, 0, 16, 0, 0, 0, 0, 0.0, 
16, Maggie Smith, 3, 0, 1, 1, -1.000, 0, 1, 1, 0, 1, 0, 0, 0, 0, 1.0, 
17, Tamika Brekke, 4, 0, 0, 0, .000, 2, 0, 0, 1, 11, 0, 0, 0, 0, 0.0, 
TM, TEAM, 1, 0, 0, 0, .000, 0, 0, 0, 1, 0, 0, 0, 0, 0, 0.0, 
Totals, 48, 13, 127, .276, 43, 3, 7, 4, 60, 2, 6, 1, 3, 56.0, 
~
Jacksonville, 
, -- Attack --, , -- Serve --, , -- Block --, , , 
#, Player, SP, K, E, TA, K%, A, SA, SE, RE, DIGS, BS, BA, BE, BHE, PTS, 
2, Hannah Marchand, 4, 5, 6, 21, -.048, 1, 0, 0, 0, 3, 1, 2, 0, 0, 7.0, 
4, Sara Dyslin, 4, 14, 1, 28, .464, 0, 0, 1, 0, 1, 0, 2, 0, 0, 15.0, 
8, Giao Huynh, 4, 6, 1, 14, .357, 0, 0, 2, 0, 1, 0, 1, 0, 0, 6.5, 
10, Lauren Petersen, 4, 5, 6, 17, -.059, 46, 0, 2, 0, 8, 1, 0, 0, 2, 6.0, 
15, Mallory Mattingly, 4, 17, 6, 46, .239, 2, 2, 4, 0, 10, 1, 2, 1, 0, 21.0, 
18, Hailey Devlin, 4, 11, 3, 25, .320, 1, 0, 0, 0, 10, 0, 0, 0, 0, 11.0, 
3, Morgan Dees, 4, 0, 1, 2, -.500, 2, 1, 2, 1, 9, 0, 0, 0, 0, 1.0, 
6, Tori Reiser, 1, 0, 0, 0, .000, 0, 0, 0, 0, 0, 0, 0, 0, 0, 0.0, 
14, Natalie Martin, 3, 0, 0, 0, .000, 0, 1, 2, 0, 2, 0, 0, 0, 0, 1.0, 
16, Natalie Wehner, 4, 0, 0, 0, .000, 2, 0, 0, 1, 16, 0, 0, 0, 0, 0.0, 
TM, TEAM, 1, 0, 0, 0, .000, 0, 0, 0, 1, 0, 0, 0, 0, 0, 0.0, 
Totals, 58, 24, 153, .222, 54, 4, 13, 3, 60, 3, 7, 1, 2, 68.5, 
~
