Final, 1, 2, 3, 4, Score, 
North Dakota State (8-18, 6-9 SL), 25, 23, 27, 27, 3, 
Oral Roberts (9-18, 6-9 SL), 23, 25, 25, 25, 1, 
~
North Dakota State, 
, -- Attack --, , -- Serve --, , -- Block --, , , 
#, Player, SP, K, E, TA, K%, A, SA, SE, RE, DIGS, BS, BA, BE, BHE, PTS, 
2, Allie Mauch, 4, 16, 7, 43, .209, 0, 0, 0, 0, 3, 0, 2, 1, 1, 17.0, 
4, Ally Murphy, 1, 0, 0, 0, .000, 0, 0, 1, 0, 0, 0, 0, 0, 0, 0.0, 
5, McKenzie Burke, 4, 15, 10, 63, .079, 1, 0, 1, 0, 15, 0, 7, 0, 0, 18.5, 
7, Abbi Klos, 4, 0, 1, 2, -.500, 6, 0, 1, 0, 38, 0, 0, 0, 0, 0.0, 
8, Bella Lien, 4, 5, 2, 15, .200, 0, 0, 0, 0, 4, 1, 6, 0, 0, 9.0, 
9, Emily Halverson, 4, 16, 0, 31, .516, 0, 0, 1, 0, 3, 0, 8, 1, 0, 20.0, 
12, Kaylee Hanger, 4, 0, 1, 2, -.500, 0, 0, 0, 1, 18, 0, 0, 0, 0, 0.0, 
13, Alexis Bachmeier, 4, 15, 9, 53, .113, 1, 0, 0, 0, 19, 0, 4, 0, 0, 17.0, 
16, Kalli Hegerle, 4, 3, 0, 10, .300, 56, 1, 1, 0, 13, 1, 2, 0, 0, 6.0, 
Totals, 70, 30, 219, .183, 64, 1, 5, 1, 113, 2, 29, 2, 1, 87.5, 
~
Oral Roberts, 
, -- Attack --, , -- Serve --, , -- Block --, , , 
#, Player, SP, K, E, TA, K%, A, SA, SE, RE, DIGS, BS, BA, BE, BHE, PTS, 
1, Tori Roe, 4, 0, 0, 0, .000, 5, 0, 1, 0, 31, 0, 0, 0, 0, 0.0, 
6, Inka Inkret, 4, 10, 3, 49, .143, 1, 1, 1, 1, 18, 0, 0, 0, 0, 11.0, 
10, Bria Bergman, 4, 7, 1, 13, .462, 48, 0, 1, 0, 17, 0, 3, 0, 1, 8.5, 
11, Taylan Nero, 3, 5, 2, 13, .231, 0, 0, 0, 0, 2, 0, 3, 1, 0, 6.5, 
12, Bri Greenlee, 4, 8, 2, 17, .353, 0, 0, 1, 0, 1, 0, 3, 2, 0, 9.5, 
13, Sarah Thiessen, 4, 0, 0, 0, .000, 0, 0, 0, 0, 2, 0, 0, 0, 0, 0.0, 
14, Katarina Mikulic, 4, 3, 1, 12, .167, 1, 0, 2, 0, 12, 0, 0, 0, 0, 3.0, 
15, Morgan Blomquist, 2, 3, 2, 11, .091, 0, 0, 0, 0, 0, 0, 2, 1, 0, 4.0, 
16, Lara Picht, 3, 8, 3, 34, .147, 1, 0, 0, 0, 4, 1, 0, 0, 0, 9.0, 
17, CeCe Madison, 4, 17, 7, 54, .185, 2, 0, 2, 0, 14, 0, 5, 1, 0, 19.5, 
Totals, 61, 21, 203, .197, 58, 1, 8, 1, 101, 1, 16, 5, 1, 71.0, 
~
