Final, 1, 2, 3, Score, 
Purdue Fort Wayne (15-12, 6-7 Summit), 25, 25, 25, 3, 
North Dakota (14-16, 6-8 Summit), 22, 21, 23, 0, 
~
Purdue Fort Wayne, 
, -- Attack --, , -- Serve --, , -- Block --, , , 
#, Player, SP, K, E, TA, K%, A, SA, SE, RE, DIGS, BS, BA, BE, BHE, PTS, 
1, Madison Jaqua, 3, 0, 1, 2, -.500, 24, 1, 1, 0, 9, 0, 0, 0, 0, 1.0, 
2, Julia Wayer, 2, 0, 0, 0, .000, 0, 0, 0, 0, 0, 0, 0, 0, 0, 0.0, 
3, Elizabeth Britner, 3, 0, 1, 1, -1.000, 2, 1, 1, 1, 21, 0, 0, 0, 0, 1.0, 
4, Victoria Mills, 3, 0, 0, 0, .000, 23, 1, 1, 0, 8, 0, 0, 0, 0, 1.0, 
5, Je'Bria Green, 3, 2, 1, 6, .167, 0, 0, 0, 0, 2, 0, 1, 0, 0, 2.5, 
8, Elizabeth Fuerst, 3, 8, 0, 20, .400, 1, 0, 0, 0, 3, 0, 1, 1, 0, 8.5, 
9, Katie Crowe, 3, 13, 5, 32, .250, 1, 0, 3, 1, 10, 0, 1, 0, 0, 13.5, 
13, Sydney Boerst, 3, 13, 1, 21, .571, 1, 0, 1, 0, 1, 1, 2, 0, 0, 15.0, 
14, Madelyn Wurster, 3, 9, 6, 23, .130, 1, 0, 0, 0, 2, 0, 1, 0, 0, 9.5, 
24, Nicole Rightnowar, 3, 11, 1, 23, .435, 0, 0, 1, 0, 11, 0, 0, 0, 0, 11.0, 
TM, TEAM, 1, 0, 0, 0, .000, 0, 0, 0, 0, 0, 0, 0, 0, 0, 0.0, 
Totals, 56, 16, 128, .312, 53, 3, 8, 2, 67, 1, 6, 1, 0, 63.0, 
~
North Dakota, 
, -- Attack --, , -- Serve --, , -- Block --, , , 
#, Player, SP, K, E, TA, K%, A, SA, SE, RE, DIGS, BS, BA, BE, BHE, PTS, 
4, Taliyah Flores, 3, 9, 1, 27, .296, 0, 0, 0, 0, 7, 0, 2, 0, 0, 10.0, 
5, Alivia Fraase, 3, 0, 0, 0, .000, 0, 0, 0, 1, 15, 0, 0, 0, 0, 0.0, 
7, Lexi Ahrens, 3, 7, 0, 24, .292, 1, 0, 0, 0, 3, 1, 4, 2, 0, 10.0, 
8, Lydia Rutten, 2, 1, 1, 9, .000, 0, 0, 0, 0, 0, 0, 0, 0, 0, 1.0, 
9, Roosa Rautio, 3, 2, 0, 4, .500, 31, 1, 0, 0, 7, 0, 1, 0, 0, 3.5, 
12, Jordan Vail, 3, 9, 2, 25, .280, 0, 0, 0, 0, 1, 1, 0, 0, 0, 10.0, 
15, Taylor Riedl, 2, 0, 2, 3, -.667, 0, 0, 0, 1, 2, 0, 0, 0, 0, 0.0, 
16, Maggie Smith, 3, 0, 0, 0, .000, 1, 1, 3, 1, 4, 0, 0, 0, 0, 1.0, 
17, Tamika Brekke, 3, 0, 0, 0, .000, 1, 0, 0, 0, 7, 0, 0, 0, 0, 0.0, 
18, Ashley Brueggeman, 3, 7, 7, 25, .000, 0, 0, 0, 0, 4, 0, 1, 1, 0, 7.5, 
20, Madi Hart, 2, 0, 0, 0, .000, 0, 0, 0, 0, 0, 0, 0, 0, 0, 0.0, 
Totals, 35, 13, 117, .188, 34, 2, 3, 3, 50, 2, 8, 3, 0, 43.0, 
~
