Final, 1, 2, 3, 4, 5, Score, 
UC Irvine (0-2), 25, 19, 23, 25, 11, 2, 
Denver (2-0), 19, 25, 25, 20, 15, 3, 
~
UC Irvine, 
, -- Attack --, , -- Serve --, , -- Block --, , , 
#, Player, SP, K, E, TA, K%, A, SA, SE, RE, DIGS, BS, BA, BE, BHE, PTS, 
1, Kylie Green, 2, 2, 2, 8, .000, 0, 0, 0, 0, 2, 0, 0, 0, 0, 2.0, 
3, Erin Alonso, 5, 0, 0, 0, .000, 0, 0, 0, 1, 6, 0, 0, 0, 0, 0.0, 
5, Makayla Wolfe, 5, 8, 2, 14, .429, 2, 0, 0, 0, 1, 0, 9, 0, 0, 12.5, 
6, Haley DeSales, 5, 1, 0, 2, .500, 3, 0, 4, 1, 19, 0, 0, 0, 0, 1.0, 
8, Abby Marjama, 5, 13, 3, 28, .357, 0, 4, 5, 1, 5, 0, 2, 0, 0, 18.0, 
9, Merin Kolte, 1, 1, 0, 2, .500, 0, 0, 0, 0, 0, 0, 0, 0, 0, 1.0, 
13, Idara Akpakpa, 5, 7, 3, 22, .182, 1, 0, 0, 0, 4, 1, 2, 0, 0, 9.0, 
15, Sophie Wood, 5, 6, 5, 16, .062, 40, 0, 2, 0, 13, 1, 4, 0, 1, 9.0, 
16, Loryn Carter, 5, 10, 8, 25, .080, 0, 1, 0, 0, 5, 1, 1, 0, 0, 12.5, 
17, Harlee Kekauoha, 5, 10, 7, 36, .083, 5, 0, 4, 4, 11, 0, 4, 0, 0, 12.0, 
18, Lauren Russ, 5, 1, 0, 3, .333, 1, 0, 0, 1, 8, 0, 0, 0, 0, 1.0, 
Totals, 59, 30, 156, .186, 52, 5, 15, 8, 74, 3, 22, 0, 1, 78.0, 
~
Denver, 
, -- Attack --, , -- Serve --, , -- Block --, , , 
#, Player, SP, K, E, TA, K%, A, SA, SE, RE, DIGS, BS, BA, BE, BHE, PTS, 
2, Katarina Marinkovic, 5, 10, 7, 37, .081, 0, 1, 2, 2, 10, 1, 4, 0, 0, 14.0, 
3, Andrea Eddy, 5, 0, 0, 0, .000, 17, 1, 3, 0, 10, 0, 0, 0, 1, 1.0, 
5, Olivia Novotny, 5, 0, 1, 2, -.500, 4, 1, 0, 2, 13, 0, 0, 0, 0, 1.0, 
6, Ellie Anderson, 5, 1, 0, 3, .333, 22, 0, 0, 0, 8, 0, 0, 0, 0, 1.0, 
8, Becca Latham, 5, 10, 6, 32, .125, 0, 0, 0, 0, 3, 0, 1, 0, 0, 10.5, 
10, Lydia Bartalo, 5, 12, 9, 37, .081, 2, 3, 3, 1, 4, 0, 4, 0, 0, 17.0, 
12, Macy Carrabine, 3, 1, 0, 1, 1.000, 0, 0, 0, 0, 3, 0, 0, 0, 0, 1.0, 
13, Tina Boe, 5, 6, 5, 20, .050, 1, 2, 1, 0, 3, 0, 5, 0, 0, 10.5, 
14, Taylor Joachim, 5, 4, 1, 9, .333, 0, 0, 0, 0, 1, 0, 3, 0, 0, 5.5, 
15, Emma Willis, 5, 6, 0, 23, .261, 0, 0, 0, 0, 2, 0, 7, 1, 0, 9.5, 
16, Lauren McManus, 5, 0, 0, 0, .000, 0, 0, 0, 0, 3, 0, 0, 0, 0, 0.0, 
17, Katie Mahoney, 1, 0, 0, 0, .000, 0, 0, 0, 0, 0, 0, 0, 0, 0, 0.0, 
Totals, 50, 29, 164, .128, 46, 8, 9, 5, 60, 1, 24, 1, 1, 71.0, 
~
