Final, 1, 2, 3, 4, Score, 
UMass Lowell (1-7), 26, 22, 6, 15, 1, 
South Dakota State (1-6), 24, 25, 25, 25, 3, 
~
UMass Lowell, 
, -- Attack --, , -- Serve --, , -- Block --, , , 
#, Player, SP, K, E, TA, K%, A, SA, SE, RE, DIGS, BS, BA, BE, BHE, PTS, 
1, ADENIYI, Lade, 4, 9, 5, 22, .182, 0, 0, 1, 0, 0, 2, 2, 0, 0, 12.0, 
2, JUBB, Jessica, 1, 0, 0, 0, .000, 0, 0, 0, 0, 0, 0, 0, 0, 0, 0.0, 
3, BILYEU, Kate, 4, 10, 7, 31, .097, 0, 0, 0, 3, 3, 0, 1, 0, 0, 10.5, 
4, BEAN, Lisa, 2, 0, 1, 3, -.333, 0, 0, 0, 0, 0, 0, 0, 0, 0, 0.0, 
5, VISVARDIS, Lindsey, 4, 0, 0, 0, .000, 5, 1, 2, 3, 9, 0, 0, 0, 0, 1.0, 
6, CLAYBAUGH, Katherine, 4, 0, 0, 2, .000, 0, 1, 0, 1, 7, 0, 1, 0, 0, 1.5, 
7, RANDOLPH, Malia, 4, 7, 4, 17, .176, 13, 0, 2, 0, 14, 0, 3, 0, 3, 8.5, 
8, GIVEN, Morgan, 3, 1, 3, 8, -.250, 0, 0, 0, 0, 1, 0, 0, 0, 0, 1.0, 
10, BELL, Madi, 4, 8, 3, 26, .192, 3, 2, 1, 3, 5, 0, 1, 0, 0, 10.5, 
16, BOVA, McKenna, 4, 2, 0, 3, .667, 17, 1, 1, 0, 6, 0, 0, 0, 4, 3.0, 
17, KENNEL, Aleyna, 4, 0, 0, 1, .000, 1, 1, 0, 1, 3, 0, 0, 0, 0, 1.0, 
19, BURKETT, Grace, 4, 4, 0, 9, .444, 0, 0, 0, 0, 0, 0, 2, 0, 0, 5.0, 
25, CAPPELLINO, Erica, 2, 0, 1, 3, -.333, 0, 0, 0, 0, 1, 0, 0, 0, 0, 0.0, 
TM, TEAM, 2, 0, 0, 0, .000, 0, 0, 0, 2, 0, 0, 0, 0, 0, 0.0, 
Totals, 41, 24, 125, .136, 39, 6, 7, 13, 49, 2, 10, 0, 7, 54.0, 
~
South Dakota State, 
, -- Attack --, , -- Serve --, , -- Block --, , , 
#, Player, SP, K, E, TA, K%, A, SA, SE, RE, DIGS, BS, BA, BE, BHE, PTS, 
1, Sierra Peterson, 4, 4, 1, 17, .176, 0, 0, 0, 0, 0, 0, 2, 0, 0, 5.0, 
2, Kari Brucker, 4, 0, 0, 0, .000, 0, 1, 0, 0, 5, 0, 0, 0, 0, 1.0, 
3, Makenzie Hennen, 4, 22, 7, 45, .333, 2, 5, 0, 3, 10, 0, 4, 1, 0, 29.0, 
4, Ashlynn Smith, 4, 15, 3, 30, .400, 1, 4, 0, 1, 10, 1, 1, 0, 0, 20.5, 
5, Kasey Brower, 4, 0, 0, 1, .000, 0, 0, 0, 2, 3, 0, 0, 0, 0, 0.0, 
11, Payton Richardson, 4, 3, 2, 10, .100, 0, 0, 0, 0, 0, 1, 4, 1, 0, 6.0, 
12, Ellie Thein, 4, 0, 0, 1, .000, 1, 0, 1, 0, 10, 0, 0, 0, 0, 0.0, 
15, Sydney Andrews, 4, 3, 2, 9, .111, 1, 1, 3, 0, 4, 1, 4, 0, 0, 7.0, 
18, Maddie Fay, 4, 1, 0, 4, .250, 39, 2, 3, 0, 9, 0, 1, 0, 0, 3.5, 
Totals, 48, 15, 117, .282, 44, 13, 7, 6, 51, 3, 16, 2, 0, 72.0, 
~
