Final, 1, 2, 3, Score, 
Murray St. (1-1), 25, 25, 25, 3, 
Omaha (0-2), 21, 20, 20, 0, 
~
Murray St., 
, -- Attack --, , -- Serve --, , -- Block --, , , 
#, Player, SP, K, E, TA, K%, A, SA, SE, RE, DIGS, BS, BA, BE, BHE, PTS, 
1, HOLTHAUS, Rachel, 3, 3, 0, 7, .429, 0, 0, 0, 0, 4, 0, 0, 0, 0, 3.0, 
2, LINDSAY, Megan, 3, 5, 1, 11, .364, 1, 1, 1, 0, 1, 0, 1, 0, 0, 6.5, 
4, KAUFMANN, Alex, 3, 0, 0, 0, .000, 1, 1, 1, 0, 8, 0, 0, 0, 0, 1.0, 
5, ANDERTON, Callie, 3, 1, 0, 2, .500, 33, 0, 2, 0, 5, 0, 1, 0, 1, 1.5, 
10, GIUSTINO, Rachel, 3, 15, 5, 33, .303, 0, 2, 3, 1, 7, 0, 0, 1, 0, 17.0, 
11, FERNANDEZ, Becca, 3, 0, 0, 0, .000, 2, 1, 1, 0, 8, 0, 0, 0, 0, 1.0, 
15, JOHNSON, Katirah, 3, 5, 2, 9, .333, 1, 0, 0, 0, 0, 0, 1, 0, 1, 5.5, 
18, BROWN, Dacia, 3, 11, 5, 27, .222, 0, 0, 0, 0, 2, 0, 1, 0, 0, 11.5, 
20, McCLELLAND, Kolby, 2, 1, 2, 7, -.143, 0, 3, 0, 0, 0, 1, 2, 0, 0, 6.0, 
TM, TEAM, 3, 0, 0, 0, .000, 0, 0, 0, 4, 0, 0, 0, 0, 0, 0.0, 
Totals, 41, 15, 96, .271, 38, 8, 8, 5, 35, 1, 6, 1, 2, 53.0, 
~
Omaha, 
, -- Attack --, , -- Serve --, , -- Block --, , , 
#, Player, SP, K, E, TA, K%, A, SA, SE, RE, DIGS, BS, BA, BE, BHE, PTS, 
1, Courtney Morehead, 3, 0, 0, 0, .000, 1, 1, 0, 2, 10, 0, 0, 0, 0, 1.0, 
3, Abby Bergsten, 3, 6, 4, 19, .105, 0, 0, 0, 0, 2, 0, 0, 0, 0, 6.0, 
4, Jaclyn Taylor, 1, 0, 1, 2, -.500, 2, 0, 0, 0, 0, 0, 1, 0, 1, 0.5, 
5, Kenzie Michalek, 3, 0, 0, 0, .000, 0, 0, 1, 0, 6, 0, 0, 0, 0, 0.0, 
6, Isabella Sade, 3, 8, 0, 12, .667, 0, 1, 2, 0, 0, 1, 2, 0, 0, 11.0, 
8, Claire Mountjoy, 3, 0, 0, 0, .000, 0, 1, 1, 3, 7, 0, 0, 0, 0, 1.0, 
10, Sadie Limback, 3, 5, 2, 11, .273, 0, 0, 0, 0, 1, 0, 0, 0, 0, 5.0, 
11, Anna Blaschko, 3, 3, 3, 11, .000, 0, 0, 0, 0, 0, 0, 2, 0, 0, 4.0, 
14, Claire Leonard, 3, 9, 7, 29, .069, 0, 0, 2, 2, 5, 0, 1, 0, 0, 9.5, 
16, Maggie Meyer, 1, 0, 0, 1, .000, 0, 0, 0, 1, 0, 0, 0, 0, 0, 0.0, 
24, Sydney Case, 3, 0, 0, 4, .000, 28, 1, 0, 0, 3, 0, 2, 0, 0, 2.0, 
TM, TEAM, 1, 0, 0, 0, .000, 0, 1, 0, 0, 0, 0, 0, 0, 0, 1.0, 
Totals, 31, 17, 89, .157, 31, 5, 6, 8, 34, 1, 8, 0, 1, 41.0, 
~
