Final, 1, 2, 3, 4, Score, 
South Dakota (2-1), 21, 25, 25, 25, 3, 
New Hampshire (1-2), 25, 14, 19, 16, 1, 
~
South Dakota, 
, -- Attack --, , -- Serve --, , -- Block --, , , 
#, Player, SP, K, E, TA, K%, A, SA, SE, RE, DIGS, BS, BA, BE, BHE, PTS, 
2, Claire Gerdes, 1, 5, 0, 6, .833, 0, 0, 0, 0, 0, 0, 2, 0, 0, 6.0, 
3, Taylor Wilson, 4, 9, 3, 24, .250, 0, 1, 0, 0, 1, 1, 3, 0, 0, 12.5, 
4, Madison Jurgens, 4, 4, 1, 6, .500, 41, 2, 1, 0, 18, 0, 2, 0, 1, 7.0, 
5, Jenna Wagemester, 4, 9, 2, 22, .318, 0, 0, 0, 0, 1, 0, 1, 1, 0, 9.5, 
6, Hayley Dotseth, 4, 17, 8, 49, .184, 1, 2, 1, 1, 5, 0, 2, 0, 0, 20.0, 
8, Lauren Sauer, 4, 0, 0, 0, .000, 1, 1, 1, 0, 15, 0, 0, 0, 0, 1.0, 
12, Elizabeth Loschen, 4, 11, 2, 28, .321, 2, 0, 0, 0, 2, 0, 1, 0, 0, 11.5, 
14, Lolo Weideman, 1, 0, 0, 0, .000, 0, 0, 0, 0, 0, 0, 0, 0, 0, 0.0, 
15, Anne Rasmussen, 4, 0, 0, 0, .000, 6, 1, 2, 1, 13, 0, 0, 0, 0, 1.0, 
16, Mehana Fonseca, 4, 0, 0, 0, .000, 0, 1, 1, 2, 8, 0, 0, 0, 0, 1.0, 
17, Emily Grathoff, 3, 4, 3, 10, .100, 2, 0, 0, 0, 1, 0, 1, 0, 0, 4.5, 
TM, TEAM, 1, 0, 0, 0, .000, 0, 0, 0, 1, 0, 0, 0, 0, 0, 0.0, 
Totals, 59, 19, 145, .276, 53, 8, 6, 5, 64, 1, 12, 1, 1, 74.0, 
~
New Hampshire, 
, -- Attack --, , -- Serve --, , -- Block --, , , 
#, Player, SP, K, E, TA, K%, A, SA, SE, RE, DIGS, BS, BA, BE, BHE, PTS, 
1, Petke, Hannah, 4, 11, 4, 34, .206, 0, 0, 0, 0, 6, 0, 4, 0, 0, 13.0, 
2, Weston, Jenny, 2, 0, 0, 0, .000, 1, 0, 0, 0, 1, 0, 0, 0, 0, 0.0, 
3, Jereczek, Mali, 3, 1, 0, 1, 1.000, 1, 0, 0, 0, 1, 0, 0, 0, 0, 1.0, 
5, Smith, Kennedi, 4, 11, 7, 33, .121, 1, 2, 1, 2, 8, 0, 0, 0, 0, 13.0, 
8, Wiedenfeld, Maddie, 4, 3, 3, 11, .000, 0, 0, 0, 0, 0, 0, 1, 0, 0, 3.5, 
9, Tanski, Emily, 4, 0, 0, 0, .000, 6, 1, 1, 1, 15, 0, 0, 0, 0, 1.0, 
10, Wotton, Molly, 4, 4, 3, 19, .053, 0, 0, 0, 0, 1, 0, 0, 0, 0, 4.0, 
11, Welti, Logan, 4, 0, 1, 1, -1.000, 1, 1, 0, 3, 8, 0, 0, 0, 0, 1.0, 
12, Markman, Alexa, 2, 2, 1, 3, .333, 0, 0, 0, 0, 0, 1, 1, 0, 0, 3.5, 
13, McKee, Delaney, 1, 0, 0, 1, .000, 0, 0, 0, 0, 1, 0, 0, 0, 0, 0.0, 
15, Patlovich, Emma, 4, 1, 0, 3, .333, 32, 1, 1, 0, 16, 0, 1, 0, 0, 2.5, 
16, Olhava, Gabri, 4, 8, 4, 27, .148, 0, 0, 2, 0, 2, 0, 2, 0, 0, 9.0, 
17, Shelton, Sarah, 2, 0, 1, 4, -.250, 0, 0, 0, 0, 0, 0, 0, 0, 0, 0.0, 
18, Sullivan, Abby, 1, 1, 0, 1, 1.000, 0, 0, 0, 0, 0, 0, 1, 0, 0, 1.5, 
TM, TEAM, 2, 0, 0, 0, .000, 0, 0, 0, 2, 0, 0, 0, 0, 0, 0.0, 
Totals, 42, 24, 138, .130, 42, 5, 5, 8, 59, 1, 10, 0, 0, 53.0, 
~
