Final, 1, 2, 3, 4, 5, Score, 
Oral Roberts (3-12, 0-3 Summit), 17, 30, 25, 18, 8, 2, 
North Dakota (11-8, 3-1 Summit), 25, 28, 22, 25, 15, 3, 
~
Oral Roberts, 
, -- Attack --, , -- Serve --, , -- Block --, , , 
#, Player, SP, K, E, TA, K%, A, SA, SE, RE, DIGS, BS, BA, BE, BHE, PTS, 
1, Tori Roe, 5, 0, 0, 0, .000, 6, 0, 1, 0, 28, 0, 0, 0, 0, 0.0, 
3, Mya King, 5, 0, 0, 0, .000, 0, 0, 0, 0, 2, 0, 0, 0, 0, 0.0, 
6, Inka Inkret, 5, 16, 6, 50, .200, 0, 0, 1, 1, 12, 0, 3, 0, 0, 17.5, 
10, Bria Bergman, 5, 4, 0, 12, .333, 56, 2, 2, 0, 18, 0, 3, 0, 0, 7.5, 
12, Bri Greenlee, 5, 4, 2, 12, .167, 0, 0, 0, 0, 1, 0, 2, 0, 0, 5.0, 
13, Sarah Thiessen, 1, 0, 0, 0, .000, 0, 0, 0, 0, 1, 0, 0, 0, 0, 0.0, 
14, Katarina Mikulic, 5, 9, 8, 38, .026, 0, 1, 2, 2, 12, 0, 2, 0, 0, 11.0, 
15, Morgan Blomquist, 5, 13, 3, 27, .370, 0, 0, 1, 0, 0, 1, 8, 0, 0, 18.0, 
16, Lara Picht, 4, 4, 2, 12, .167, 0, 0, 0, 0, 1, 0, 0, 0, 0, 4.0, 
17, CeCe Madison, 5, 16, 10, 45, .133, 2, 0, 0, 2, 18, 0, 2, 0, 0, 17.0, 
Totals, 66, 31, 196, .179, 64, 3, 7, 5, 93, 1, 20, 0, 0, 80.0, 
~
North Dakota, 
, -- Attack --, , -- Serve --, , -- Block --, , , 
#, Player, SP, K, E, TA, K%, A, SA, SE, RE, DIGS, BS, BA, BE, BHE, PTS, 
0, Kayla Williams, 5, 15, 5, 50, .200, 0, 1, 1, 1, 13, 0, 3, 0, 0, 17.5, 
2, Brynn Nieukirk, 5, 12, 7, 49, .102, 0, 0, 0, 0, 1, 0, 2, 0, 0, 13.0, 
4, Taliyah Flores, 5, 0, 0, 0, .000, 3, 1, 0, 0, 30, 0, 0, 0, 0, 1.0, 
5, Alivia Fraase, 5, 1, 0, 1, 1.000, 3, 0, 0, 0, 15, 0, 0, 0, 0, 1.0, 
8, Lydia Rutten, 5, 12, 3, 24, .375, 0, 0, 0, 0, 3, 0, 3, 0, 0, 13.5, 
9, Roosa Rautio, 5, 2, 0, 5, .400, 57, 0, 1, 0, 10, 0, 2, 0, 0, 3.0, 
12, Jordan Vail, 5, 13, 5, 34, .235, 0, 0, 0, 0, 1, 0, 6, 0, 0, 16.0, 
16, Maggie Smith, 4, 0, 0, 0, .000, 0, 0, 1, 0, 2, 0, 0, 0, 0, 0.0, 
17, Tamika Brekke, 3, 0, 0, 0, .000, 2, 3, 0, 2, 9, 0, 0, 0, 0, 3.0, 
18, Ashley Brueggeman, 5, 13, 5, 37, .216, 0, 0, 0, 0, 3, 1, 4, 0, 0, 16.0, 
Totals, 68, 25, 200, .215, 65, 5, 3, 3, 87, 1, 20, 0, 0, 84.0, 
~
