Final, 1, 2, 3, 4, Score, 
Purdue Fort Wayne (14-10 (5-5)), 21, 25, 25, 25, 3, 
Western Illinois (1-21 (0-9)), 25, 21, 23, 18, 1, 
~
Purdue Fort Wayne, 
, -- Attack --, , -- Serve --, , -- Block --, , , 
#, Player, SP, K, E, TA, K%, A, SA, SE, RE, DIGS, BS, BA, BE, BHE, PTS, 
1, Madison Jaqua, 4, 3, 0, 6, .500, 40, 1, 2, 0, 7, 0, 1, 0, 0, 4.5, 
2, Julia Wayer, 1, 0, 0, 0, .000, 0, 0, 0, 0, 0, 0, 0, 0, 0, 0.0, 
3, Elizabeth Britner, 4, 0, 0, 0, .000, 3, 0, 2, 0, 12, 0, 0, 0, 0, 0.0, 
4, Victoria Mills, 4, 0, 0, 0, .000, 6, 2, 2, 0, 5, 0, 0, 0, 0, 2.0, 
5, Je'Bria Green, 4, 10, 4, 17, .353, 0, 0, 0, 0, 0, 1, 5, 0, 0, 13.5, 
8, Elizabeth Fuerst, 4, 1, 1, 17, .000, 0, 0, 0, 0, 1, 0, 2, 0, 0, 2.0, 
9, Katie Crowe, 4, 10, 2, 25, .320, 0, 0, 1, 1, 10, 0, 1, 0, 0, 10.5, 
13, Sydney Boerst, 4, 17, 1, 25, .640, 0, 0, 1, 0, 4, 2, 2, 0, 0, 20.0, 
14, Madelyn Wurster, 2, 1, 1, 2, .000, 0, 0, 0, 0, 0, 0, 1, 0, 0, 1.5, 
24, Nicole Rightnowar, 4, 14, 7, 47, .149, 0, 0, 0, 1, 18, 0, 2, 1, 0, 15.0, 
TM, TEAM, 1, 0, 0, 0, .000, 0, 0, 0, 1, 0, 0, 0, 0, 0, 0.0, 
Totals, 56, 16, 139, .288, 49, 3, 8, 3, 57, 3, 14, 1, 0, 69.0, 
~
Western Illinois, 
, -- Attack --, , -- Serve --, , -- Block --, , , 
#, Player, SP, K, E, TA, K%, A, SA, SE, RE, DIGS, BS, BA, BE, BHE, PTS, 
1, Shaela Gray, 2, 0, 1, 4, -.250, 1, 0, 0, 0, 3, 0, 0, 0, 0, 0.0, 
3, Shiah Sanders, 4, 12, 3, 28, .321, 1, 0, 0, 0, 6, 0, 1, 0, 0, 12.5, 
5, Jaime Johnson, 4, 2, 0, 6, .333, 38, 0, 0, 0, 11, 0, 0, 0, 0, 2.0, 
6, Mariah Mitchell, 4, 4, 1, 12, .250, 0, 0, 0, 0, 1, 0, 3, 0, 0, 5.5, 
7, Melanie Patenaude, 4, 11, 5, 31, .194, 1, 1, 2, 1, 9, 0, 1, 0, 0, 12.5, 
8, Claire Grove, 4, 0, 0, 0, .000, 0, 1, 2, 1, 16, 0, 0, 0, 0, 1.0, 
9, Kaylee Woodard, 4, 0, 0, 0, .000, 4, 0, 0, 0, 6, 0, 0, 0, 0, 0.0, 
14, Cassie Hunt, 4, 0, 0, 1, .000, 10, 0, 2, 0, 4, 0, 0, 0, 1, 0.0, 
15, Mackenzie Steckler, 4, 9, 8, 23, .043, 0, 0, 0, 0, 0, 2, 6, 1, 0, 14.0, 
21, Madeline Dieter, 4, 11, 2, 18, .500, 0, 0, 1, 0, 1, 0, 1, 0, 0, 11.5, 
24, Emma Norris, 4, 11, 6, 30, .167, 0, 1, 2, 1, 2, 0, 2, 0, 0, 13.0, 
Totals, 60, 26, 153, .222, 55, 3, 9, 3, 59, 2, 14, 1, 1, 72.0, 
~
