Final, 1, 2, 3, 4, 5, Score, 
Purdue Fort Wayne (11-6, 2-1 Summit), 20, 25, 26, 22, 9, 2, 
South Dakota (9-6, 3-0 Summit), 25, 19, 24, 25, 15, 3, 
~
Purdue Fort Wayne, 
, -- Attack --, , -- Serve --, , -- Block --, , , 
#, Player, SP, K, E, TA, K%, A, SA, SE, RE, DIGS, BS, BA, BE, BHE, PTS, 
1, Madison Jaqua, 5, 1, 1, 5, .000, 57, 0, 0, 0, 13, 0, 0, 0, 1, 1.0, 
3, Elizabeth Britner, 5, 0, 0, 0, .000, 3, 1, 1, 2, 27, 0, 0, 0, 0, 1.0, 
4, Victoria Mills, 5, 0, 0, 0, .000, 1, 1, 0, 0, 8, 0, 0, 0, 0, 1.0, 
5, Je'Bria Green, 5, 8, 3, 22, .227, 1, 0, 0, 0, 2, 1, 2, 0, 0, 10.0, 
8, Elizabeth Fuerst, 5, 6, 3, 27, .111, 0, 0, 0, 0, 2, 0, 2, 0, 0, 7.0, 
9, Katie Crowe, 5, 17, 12, 61, .082, 0, 0, 3, 4, 20, 0, 1, 0, 0, 17.5, 
10, Sandra Hoevels, 1, 0, 0, 0, .000, 0, 0, 0, 0, 0, 0, 0, 0, 0, 0.0, 
13, Sydney Boerst, 5, 12, 2, 23, .435, 0, 0, 1, 1, 8, 1, 1, 0, 0, 13.5, 
24, Nicole Rightnowar, 5, 23, 5, 66, .273, 2, 0, 0, 0, 27, 0, 0, 0, 1, 23.0, 
TM, TEAM, 1, 0, 0, 0, .000, 0, 0, 0, 1, 0, 0, 0, 0, 0, 0.0, 
Totals, 67, 26, 204, .201, 64, 2, 5, 8, 107, 2, 6, 0, 2, 74.0, 
~
South Dakota, 
, -- Attack --, , -- Serve --, , -- Block --, , , 
#, Player, SP, K, E, TA, K%, A, SA, SE, RE, DIGS, BS, BA, BE, BHE, PTS, 
1, Abbey Pederson, 1, 0, 0, 0, .000, 0, 0, 1, 0, 0, 0, 0, 0, 0, 0.0, 
3, Taylor Wilson, 5, 16, 3, 36, .361, 1, 1, 2, 0, 2, 2, 2, 1, 0, 20.0, 
4, Madison Jurgens, 5, 5, 0, 10, .500, 51, 1, 2, 0, 16, 0, 2, 0, 2, 7.0, 
6, Hayley Dotseth, 5, 16, 6, 67, .149, 2, 2, 3, 1, 18, 1, 1, 0, 0, 19.5, 
8, Lauren Sauer, 5, 0, 0, 0, .000, 0, 0, 2, 0, 15, 0, 0, 0, 0, 0.0, 
9, Kristina Susak, 3, 4, 2, 15, .133, 1, 0, 0, 0, 1, 0, 0, 0, 0, 4.0, 
12, Elizabeth Loschen, 5, 14, 3, 35, .314, 0, 0, 0, 0, 5, 0, 1, 1, 0, 14.5, 
14, Lolo Weideman, 5, 7, 2, 32, .156, 0, 0, 0, 0, 7, 0, 0, 0, 0, 7.0, 
15, Anne Rasmussen, 5, 0, 0, 0, .000, 4, 0, 1, 1, 26, 0, 0, 0, 0, 0.0, 
16, Mehana Fonseca, 5, 0, 0, 0, .000, 1, 4, 0, 0, 8, 0, 0, 0, 0, 4.0, 
17, Emily Grathoff, 5, 2, 3, 11, -.091, 0, 0, 0, 0, 1, 0, 2, 2, 0, 3.0, 
TM, TEAM, 1, 0, 0, 0, .000, 0, 0, 0, 0, 0, 0, 0, 0, 0, 0.0, 
Totals, 64, 19, 206, .218, 60, 8, 11, 2, 99, 3, 8, 4, 2, 79.0, 
~
