Final, 1, 2, 3, 4, Score, 
Western Illinois (1-3), 20, 25, 19, 22, 1, 
Bradley (3-1), 25, 21, 25, 25, 3, 
~
Western Illinois, 
, -- Attack --, , -- Serve --, , -- Block --, , , 
#, Player, SP, K, E, TA, K%, A, SA, SE, RE, DIGS, BS, BA, BE, BHE, PTS, 
3, Shiah Sanders, 4, 7, 3, 22, .182, 0, 0, 0, 2, 6, 0, 2, 1, 0, 8.0, 
5, Jaime Johnson, 4, 0, 0, 5, .000, 17, 0, 2, 0, 16, 0, 0, 0, 0, 0.0, 
6, Mariah Mitchell, 4, 6, 3, 19, .158, 0, 0, 0, 0, 0, 0, 2, 0, 0, 7.0, 
7, Melanie Patenaude, 4, 11, 7, 48, .083, 0, 0, 1, 0, 10, 0, 2, 1, 0, 12.0, 
8, Claire Grove, 4, 0, 0, 0, .000, 8, 1, 1, 0, 21, 0, 0, 0, 0, 1.0, 
11, Abby Knoop, 2, 4, 0, 13, .308, 0, 0, 1, 0, 1, 0, 0, 0, 0, 4.0, 
12, Erika Moore, 4, 0, 0, 0, .000, 0, 0, 0, 0, 17, 0, 0, 0, 0, 0.0, 
14, Cassie Hunt, 4, 0, 0, 0, .000, 15, 1, 3, 0, 5, 0, 0, 0, 1, 1.0, 
15, Mackenzie Steckler, 4, 5, 3, 19, .105, 0, 1, 2, 0, 7, 2, 5, 1, 0, 10.5, 
17, Riley Schumacher, 3, 2, 0, 4, .500, 0, 0, 0, 0, 0, 0, 1, 0, 0, 2.5, 
23, Jovana Bulatovic, 1, 0, 2, 2, -1.000, 0, 0, 0, 0, 0, 0, 0, 0, 0, 0.0, 
24, Emma Norris, 4, 7, 5, 30, .067, 0, 1, 1, 0, 6, 0, 0, 0, 0, 8.0, 
Totals, 42, 23, 162, .117, 40, 4, 11, 2, 89, 2, 12, 3, 1, 54.0, 
~
Bradley, 
, -- Attack --, , -- Serve --, , -- Block --, , , 
#, Player, SP, K, E, TA, K%, A, SA, SE, RE, DIGS, BS, BA, BE, BHE, PTS, 
1, Rosado, Yavianliz, 4, 0, 0, 0, .000, 6, 0, 1, 2, 21, 0, 0, 0, 0, 0.0, 
2, Schovanec, Alissa, 4, 7, 2, 17, .294, 0, 0, 0, 0, 0, 0, 2, 0, 0, 8.0, 
3, Haslag, Erica, 4, 17, 2, 43, .349, 0, 0, 3, 1, 10, 0, 1, 0, 0, 17.5, 
6, Thompson, Hannah, 4, 16, 10, 50, .120, 1, 1, 0, 1, 29, 0, 2, 0, 0, 18.0, 
7, Ihrke, Abby, 4, 1, 0, 4, .250, 0, 0, 1, 0, 11, 0, 0, 0, 0, 1.0, 
9, Angeli, Hannah, 4, 1, 2, 4, -.250, 34, 0, 2, 0, 3, 0, 1, 1, 0, 1.5, 
12, Graf, Kathryn, 4, 5, 3, 24, .083, 1, 0, 0, 0, 1, 1, 5, 0, 2, 8.5, 
15, Delacher, Hailey, 2, 0, 0, 1, .000, 12, 0, 0, 0, 5, 0, 0, 0, 0, 0.0, 
17, Alexander, Hanna, 2, 0, 0, 0, .000, 0, 1, 0, 0, 4, 0, 0, 0, 2, 1.0, 
18, Poore, Kat, 3, 3, 3, 12, .000, 0, 0, 0, 0, 2, 0, 1, 0, 0, 3.5, 
21, Pranger, Rachel, 4, 6, 4, 26, .077, 0, 0, 0, 0, 1, 0, 2, 0, 0, 7.0, 
34, Raleigh, Emma, 3, 0, 0, 0, .000, 0, 0, 1, 0, 0, 0, 0, 0, 0, 0.0, 
Totals, 56, 26, 181, .166, 54, 2, 8, 4, 87, 1, 14, 1, 4, 66.0, 
~
