Final, 1, 2, 3, Score, 
UC Santa Barb. (8-4), 25, 25, 25, 3, 
South Dakota (6-4), 16, 20, 17, 0, 
~
UC Santa Barb., 
, -- Attack --, , -- Serve --, , -- Block --, , , 
#, Player, SP, K, E, TA, K%, A, SA, SE, RE, DIGS, BS, BA, BE, BHE, PTS, 
1, Zoe Fleck, 3, 0, 0, 0, .000, 1, 0, 0, 0, 5, 0, 0, 0, 0, 0.0, 
2, Rowan Ennis, 3, 5, 3, 18, .111, 0, 0, 0, 0, 0, 0, 3, 0, 0, 6.5, 
4, Lindsey Ruddins, 3, 22, 1, 43, .488, 0, 0, 3, 0, 10, 0, 2, 0, 0, 23.0, 
8, Emilia Petrachi, 3, 0, 0, 0, .000, 2, 2, 0, 0, 11, 0, 0, 0, 0, 2.0, 
10, Olivia Lovenberg, 3, 2, 1, 3, .333, 38, 1, 0, 0, 10, 0, 0, 1, 0, 3.0, 
11, Charlie Robinson, 3, 7, 1, 11, .545, 0, 0, 0, 0, 0, 0, 2, 0, 0, 8.0, 
12, Megan Lewis, 1, 0, 0, 1, .000, 0, 0, 0, 0, 0, 0, 0, 0, 0, 0.0, 
16, Nicole Omwanghe, 1, 0, 0, 1, .000, 0, 0, 0, 0, 0, 0, 0, 0, 0, 0.0, 
18, Annie Hasselmann, 3, 3, 0, 8, .375, 1, 0, 2, 0, 3, 0, 1, 1, 0, 3.5, 
20, Lexi Rottman, 3, 0, 0, 0, .000, 1, 0, 1, 0, 1, 0, 0, 0, 0, 0.0, 
22, Chloe Allen, 3, 1, 0, 2, .500, 0, 0, 0, 0, 0, 0, 0, 0, 0, 1.0, 
23, Torre Glasker, 3, 6, 4, 24, .083, 1, 2, 3, 2, 8, 0, 2, 0, 0, 9.0, 
Totals, 46, 10, 111, .324, 44, 5, 9, 2, 48, 0, 10, 2, 0, 56.0, 
~
South Dakota, 
, -- Attack --, , -- Serve --, , -- Block --, , , 
#, Player, SP, K, E, TA, K%, A, SA, SE, RE, DIGS, BS, BA, BE, BHE, PTS, 
2, Claire Gerdes, 1, 1, 0, 1, 1.000, 0, 0, 0, 0, 0, 0, 0, 0, 0, 1.0, 
3, Taylor Wilson, 3, 6, 4, 16, .125, 0, 0, 2, 0, 1, 0, 2, 0, 0, 7.0, 
4, Madison Jurgens, 3, 3, 2, 9, .111, 21, 0, 2, 0, 11, 0, 1, 0, 0, 3.5, 
5, Jenna Wagemester, 2, 5, 0, 11, .455, 0, 0, 0, 0, 0, 0, 0, 0, 0, 5.0, 
6, Hayley Dotseth, 3, 11, 5, 38, .158, 2, 1, 2, 1, 6, 0, 1, 1, 0, 12.5, 
8, Lauren Sauer, 3, 0, 0, 0, .000, 0, 1, 0, 0, 5, 0, 0, 0, 0, 1.0, 
9, Kristina Susak, 1, 2, 1, 8, .125, 0, 0, 0, 0, 0, 0, 0, 0, 0, 2.0, 
12, Elizabeth Loschen, 3, 1, 1, 9, .000, 0, 0, 0, 0, 2, 0, 0, 0, 0, 1.0, 
14, Lolo Weideman, 2, 0, 0, 0, .000, 0, 0, 0, 0, 0, 0, 0, 0, 0, 0.0, 
15, Anne Rasmussen, 3, 0, 0, 0, .000, 3, 0, 0, 1, 13, 0, 0, 0, 0, 0.0, 
16, Mehana Fonseca, 3, 0, 0, 0, .000, 2, 0, 1, 2, 6, 0, 0, 0, 0, 0.0, 
17, Emily Grathoff, 2, 0, 0, 2, .000, 0, 0, 0, 0, 0, 0, 0, 0, 0, 0.0, 
TM, TEAM, 1, 0, 0, 0, .000, 0, 0, 0, 1, 0, 0, 0, 0, 0, 0.0, 
Totals, 29, 13, 94, .170, 28, 2, 7, 5, 44, 0, 4, 1, 0, 33.0, 
~
