Final, 1, 2, 3, Score, 
North Dakota State (5-15 (3-6 Summit)), 21, 18, 13, 0, 
Denver (20-1 (9-0 Summit)), 25, 25, 25, 3, 
~
North Dakota State, 
, -- Attack --, , -- Serve --, , -- Block --, , , 
#, Player, SP, K, E, TA, K%, A, SA, SE, RE, DIGS, BS, BA, BE, BHE, PTS, 
2, Allie Mauch, 3, 2, 3, 13, -.077, 0, 0, 0, 0, 2, 1, 2, 0, 0, 4.0, 
5, McKenzie Burke, 3, 5, 8, 27, -.111, 0, 0, 0, 1, 3, 0, 1, 0, 0, 5.5, 
8, Bella Lien, 3, 4, 3, 16, .062, 0, 0, 0, 0, 2, 0, 4, 1, 0, 6.0, 
9, Emily Halverson, 3, 6, 2, 18, .222, 0, 0, 0, 0, 3, 1, 2, 0, 0, 8.0, 
13, Alexis Bachmeier, 3, 5, 10, 32, -.156, 0, 0, 0, 0, 15, 0, 1, 0, 0, 5.5, 
16, Kalli Hegerle, 3, 1, 1, 6, .000, 18, 0, 0, 0, 3, 0, 2, 0, 0, 2.0, 
1, Kirstin Tidd, 1, 0, 0, 0, .000, 0, 0, 0, 0, 0, 0, 0, 0, 0, 0.0, 
4, Ally Murphy, 1, 0, 1, 3, -.333, 0, 0, 0, 0, 0, 1, 0, 0, 0, 1.0, 
6, Alex Erickson, 2, 0, 0, 0, .000, 0, 0, 0, 0, 2, 0, 0, 0, 0, 0.0, 
7, Abbi Klos, 3, 0, 0, 0, .000, 1, 0, 0, 2, 14, 0, 0, 0, 0, 0.0, 
12, Kaylee Hanger, 3, 0, 1, 1, -1.000, 0, 0, 1, 0, 6, 0, 0, 0, 0, 0.0, 
Totals, 23, 29, 116, -.052, 19, 0, 1, 3, 50, 3, 12, 1, 0, 32.0, 
~
Denver, 
, -- Attack --, , -- Serve --, , -- Block --, , , 
#, Player, SP, K, E, TA, K%, A, SA, SE, RE, DIGS, BS, BA, BE, BHE, PTS, 
2, Katarina Marinkovic, 3, 9, 5, 22, .182, 0, 0, 0, 0, 5, 0, 2, 0, 0, 10.0, 
6, Ellie Anderson, 3, 0, 0, 0, .000, 20, 1, 1, 0, 4, 0, 0, 0, 1, 1.0, 
8, Becca Latham, 3, 11, 4, 26, .269, 0, 0, 0, 0, 0, 0, 1, 0, 0, 11.5, 
10, Lydia Bartalo, 3, 8, 5, 20, .150, 1, 1, 1, 0, 8, 1, 0, 0, 0, 10.0, 
13, Tina Boe, 3, 6, 0, 13, .462, 0, 0, 1, 0, 0, 1, 3, 0, 0, 8.5, 
15, Emma Willis, 3, 3, 3, 15, .000, 0, 0, 0, 0, 1, 1, 4, 0, 0, 6.0, 
3, Andrea Eddy, 3, 0, 0, 0, .000, 13, 1, 2, 0, 10, 0, 0, 0, 0, 1.0, 
5, Olivia Novotny, 2, 0, 0, 0, .000, 0, 0, 0, 0, 2, 0, 0, 0, 0, 0.0, 
7, Lauren McManus, 3, 0, 0, 0, .000, 0, 0, 0, 0, 0, 0, 0, 0, 0, 0.0, 
12, Macy Carrabine, 3, 0, 0, 0, .000, 4, 0, 0, 0, 20, 0, 0, 0, 2, 0.0, 
14, Taylor Joachim, 3, 5, 3, 18, .111, 0, 0, 0, 0, 3, 0, 4, 0, 0, 7.0, 
Totals, 42, 20, 114, .193, 38, 3, 5, 0, 53, 3, 14, 0, 3, 55.0, 
~
