Final, 1, 2, 3, 4, Score, 
North Dakota (12-9 (4-2)), 19, 25, 11, 26, 1, 
Omaha (10-7 (5-0)), 25, 20, 25, 28, 3, 
~
North Dakota, 
, -- Attack --, , -- Serve --, , -- Block --, , , 
#, Player, SP, K, E, TA, K%, A, SA, SE, RE, DIGS, BS, BA, BE, BHE, PTS, 
1, Darian Chwialkowski, 4, 2, 3, 20, -.050, 1, 1, 2, 0, 8, 0, 1, 0, 0, 3.5, 
2, Brynn Nieukirk, 4, 10, 2, 30, .267, 0, 0, 0, 0, 1, 1, 2, 0, 0, 12.0, 
4, Taliyah Flores, 4, 0, 0, 0, .000, 0, 1, 0, 2, 20, 0, 0, 0, 0, 1.0, 
5, Alivia Fraase, 4, 0, 0, 0, .000, 1, 0, 0, 2, 11, 0, 0, 0, 0, 0.0, 
7, Lexi Ahrens, 1, 1, 0, 1, 1.000, 0, 0, 0, 0, 0, 0, 1, 0, 0, 1.5, 
8, Lydia Rutten, 4, 5, 5, 15, .000, 0, 0, 1, 0, 1, 0, 4, 0, 0, 7.0, 
9, Roosa Rautio, 4, 1, 1, 3, .000, 39, 0, 1, 0, 2, 0, 1, 0, 0, 1.5, 
12, Jordan Vail, 4, 16, 5, 33, .333, 0, 0, 0, 0, 0, 1, 3, 2, 0, 18.5, 
15, Taylor Riedl, 1, 0, 0, 0, .000, 0, 0, 0, 0, 0, 0, 0, 0, 0, 0.0, 
16, Maggie Smith, 1, 0, 0, 0, .000, 0, 0, 0, 0, 2, 0, 0, 0, 0, 0.0, 
17, Tamika Brekke, 4, 0, 0, 0, .000, 0, 0, 1, 0, 9, 0, 0, 0, 1, 0.0, 
18, Ashley Brueggeman, 4, 10, 5, 25, .200, 1, 0, 0, 0, 5, 1, 4, 0, 0, 13.0, 
TM, TEAM, 1, 0, 0, 0, .000, 0, 0, 0, 1, 0, 0, 0, 0, 0, 0.0, 
Totals, 45, 21, 127, .189, 42, 2, 5, 5, 59, 3, 16, 2, 1, 58.0, 
~
Omaha, 
, -- Attack --, , -- Serve --, , -- Block --, , , 
#, Player, SP, K, E, TA, K%, A, SA, SE, RE, DIGS, BS, BA, BE, BHE, PTS, 
1, Courtney Morehead, 4, 0, 0, 0, .000, 0, 4, 1, 0, 5, 0, 0, 0, 0, 4.0, 
3, Abby Bergsten, 4, 12, 4, 29, .276, 0, 0, 0, 0, 3, 0, 0, 0, 0, 12.0, 
5, Kenzie Michalek, 4, 0, 0, 0, .000, 1, 0, 0, 1, 4, 0, 0, 0, 0, 0.0, 
6, Isabella Sade, 4, 9, 3, 22, .273, 0, 1, 1, 0, 5, 1, 2, 0, 0, 12.0, 
8, Claire Mountjoy, 4, 0, 0, 0, .000, 1, 0, 1, 1, 17, 0, 0, 0, 0, 0.0, 
10, Sadie Limback, 4, 16, 9, 44, .159, 0, 0, 5, 0, 7, 0, 1, 0, 0, 16.5, 
11, Anna Blaschko, 4, 12, 4, 24, .333, 1, 0, 0, 0, 2, 1, 3, 0, 0, 14.5, 
14, Claire Leonard, 4, 14, 5, 34, .265, 0, 0, 0, 0, 3, 0, 2, 0, 0, 15.0, 
24, Sydney Case, 4, 0, 0, 4, .000, 55, 0, 0, 0, 4, 0, 3, 0, 1, 1.5, 
Totals, 63, 25, 157, .242, 58, 5, 8, 2, 50, 2, 11, 0, 1, 75.5, 
~
