Final, 1, 2, 3, 4, Score, 
North Dakota State (1-2), 25, 19, 21, 16, 1, 
Buffalo (3-0), 22, 25, 25, 25, 3, 
~
North Dakota State, 
, -- Attack --, , -- Serve --, , -- Block --, , , 
#, Player, SP, K, E, TA, K%, A, SA, SE, RE, DIGS, BS, BA, BE, BHE, PTS, 
2, Allie Mauch, 4, 8, 7, 23, .043, 0, 0, 0, 0, 1, 0, 1, 0, 0, 8.5, 
5, McKenzie Burke, 4, 4, 7, 30, -.100, 0, 1, 3, 0, 6, 1, 0, 0, 0, 6.0, 
6, Alex Erickson, 2, 2, 1, 5, .200, 1, 0, 1, 0, 1, 0, 0, 0, 0, 2.0, 
7, Abbi Klos, 4, 0, 0, 0, .000, 2, 0, 0, 3, 14, 0, 0, 0, 0, 0.0, 
8, Bella Lien, 4, 2, 1, 10, .100, 1, 0, 0, 0, 0, 2, 4, 1, 0, 6.0, 
9, Emily Halverson, 4, 4, 4, 16, .000, 0, 0, 0, 0, 0, 1, 0, 2, 0, 5.0, 
11, Paige Schaffer, 4, 0, 0, 0, .000, 0, 3, 1, 0, 2, 0, 0, 0, 0, 3.0, 
12, Kaylee Hanger, 4, 1, 0, 1, 1.000, 0, 0, 0, 2, 3, 0, 0, 0, 0, 1.0, 
13, Alexis Bachmeier, 4, 8, 3, 23, .217, 3, 1, 0, 0, 7, 0, 3, 1, 0, 10.5, 
16, Kalli Hegerle, 4, 6, 1, 8, .625, 27, 1, 1, 0, 8, 0, 0, 0, 0, 7.0, 
TM, TEAM, 1, 0, 0, 0, .000, 0, 0, 0, 1, 0, 0, 0, 0, 0, 0.0, 
Totals, 35, 24, 116, .095, 34, 6, 6, 6, 42, 4, 8, 4, 0, 49.0, 
~
Buffalo, 
, -- Attack --, , -- Serve --, , -- Block --, , , 
#, Player, SP, K, E, TA, K%, A, SA, SE, RE, DIGS, BS, BA, BE, BHE, PTS, 
1, Lauren Slavoski, 4, 0, 0, 0, .000, 0, 1, 1, 0, 1, 0, 0, 0, 0, 1.0, 
2, Larra Bickelhaupt, 4, 0, 0, 0, .000, 5, 2, 1, 0, 11, 0, 0, 0, 0, 2.0, 
6, Rachel Sanks, 4, 10, 4, 28, .214, 0, 0, 0, 0, 1, 0, 0, 0, 0, 10.0, 
8, Kristina Nieves, 4, 7, 5, 17, .118, 0, 0, 0, 0, 0, 1, 3, 0, 0, 9.5, 
9, Scout McLerran, 4, 3, 0, 5, .600, 44, 1, 2, 0, 7, 1, 1, 0, 0, 5.5, 
12, Andrea Mitrovic, 4, 22, 6, 41, .390, 0, 0, 7, 3, 8, 1, 1, 0, 0, 23.5, 
13, Paige Beck, 4, 0, 0, 0, .000, 1, 1, 2, 1, 11, 0, 0, 0, 0, 1.0, 
18, Megan Wernette, 4, 9, 3, 13, .462, 0, 0, 0, 0, 1, 0, 3, 0, 0, 10.5, 
19, Polina Prokudina, 4, 7, 7, 26, .000, 0, 1, 1, 0, 8, 2, 4, 0, 0, 12.0, 
TM, TEAM, 1, 0, 0, 0, .000, 0, 0, 0, 2, 0, 0, 0, 0, 0, 0.0, 
Totals, 58, 25, 130, .254, 50, 6, 14, 6, 48, 5, 12, 0, 0, 75.0, 
~
