Final, 1, 2, 3, Score, 
South Dakota State (2-9), 14, 23, 19, 0, 
Fla. Atlantic (7-3), 25, 25, 25, 3, 
~
South Dakota State, 
, -- Attack --, , -- Serve --, , -- Block --, , , 
#, Player, SP, K, E, TA, K%, A, SA, SE, RE, DIGS, BS, BA, BE, BHE, PTS, 
1, Sierra Peterson, 3, 5, 2, 13, .231, 0, 0, 0, 0, 0, 0, 0, 0, 0, 5.0, 
2, Kari Brucker, 1, 0, 0, 0, .000, 0, 0, 0, 1, 0, 0, 0, 0, 0, 0.0, 
3, Makenzie Hennen, 3, 8, 3, 25, .200, 1, 0, 1, 1, 3, 0, 3, 2, 0, 9.5, 
4, Ashlynn Smith, 3, 9, 4, 21, .238, 0, 2, 0, 0, 8, 1, 1, 0, 0, 12.5, 
5, Kasey Brower, 3, 0, 0, 1, .000, 0, 0, 1, 2, 5, 0, 0, 0, 0, 0.0, 
9, Crystal Burk, 3, 0, 0, 0, .000, 0, 0, 0, 0, 1, 0, 0, 0, 0, 0.0, 
11, Payton Richardson, 3, 3, 1, 6, .333, 0, 0, 0, 0, 0, 0, 3, 1, 0, 4.5, 
12, Ellie Thein, 3, 0, 0, 0, .000, 3, 0, 0, 3, 7, 0, 0, 0, 0, 0.0, 
15, Sydney Andrews, 3, 4, 1, 9, .333, 0, 0, 1, 0, 1, 0, 3, 0, 0, 5.5, 
18, Maddie Fay, 3, 0, 0, 3, .000, 24, 0, 0, 0, 6, 0, 2, 0, 0, 1.0, 
TM, TEAM, 1, 0, 0, 0, .000, 0, 0, 0, 1, 0, 0, 0, 0, 0, 0.0, 
Totals, 29, 11, 78, .231, 28, 2, 3, 8, 31, 1, 12, 3, 0, 38.0, 
~
Fla. Atlantic, 
, -- Attack --, , -- Serve --, , -- Block --, , , 
#, Player, SP, K, E, TA, K%, A, SA, SE, RE, DIGS, BS, BA, BE, BHE, PTS, 
2, GIBBS, Cailea, 3, 12, 3, 15, .600, 2, 0, 0, 0, 2, 0, 2, 0, 0, 13.0, 
5, TEKAVEC, Dena, 3, 0, 0, 0, .000, 0, 0, 1, 0, 0, 0, 0, 0, 0, 0.0, 
8, CARDONA, Alex, 3, 0, 0, 0, .000, 4, 1, 1, 0, 8, 0, 0, 0, 0, 1.0, 
9, VARNEY, Kori, 3, 0, 0, 0, .000, 0, 3, 0, 0, 5, 0, 0, 0, 0, 3.0, 
10, REID, Abbi, 3, 5, 3, 12, .167, 0, 0, 0, 0, 2, 0, 0, 0, 0, 5.0, 
12, KAME, Sigourney, 3, 8, 2, 20, .300, 0, 0, 0, 0, 0, 0, 1, 0, 0, 8.5, 
13, MATOS, Massiel, 3, 13, 5, 30, .267, 2, 3, 1, 2, 5, 1, 1, 0, 0, 17.5, 
14, MARTINEZ, Ivone, 3, 2, 1, 5, .200, 40, 0, 2, 0, 9, 0, 0, 0, 0, 2.0, 
16, NEMTUDA, Sydney, 3, 12, 3, 20, .450, 1, 1, 3, 0, 7, 0, 0, 0, 0, 13.0, 
Totals, 52, 17, 102, .343, 49, 8, 8, 2, 38, 1, 4, 0, 0, 63.0, 
~
