Final, 1, 2, 3, 4, Score, 
Rice (1-0), 25, 25, 21, 25, 3, 
North Dakota (0-1), 22, 15, 25, 18, 1, 
~
Rice, 
, -- Attack --, , -- Serve --, , -- Block --, , , 
#, Player, SP, K, E, TA, K%, A, SA, SE, RE, DIGS, BS, BA, BE, BHE, PTS, 
2, GRIPPO, Tia, 1, 0, 0, 0, .000, 0, 0, 1, 0, 0, 0, 0, 0, 0, 0.0, 
3, WIATT, Isabel, 1, 0, 0, 0, .000, 0, 0, 0, 0, 0, 0, 0, 0, 0, 0.0, 
5, CUNNINGHAM, Lee Ann, 4, 1, 0, 1, 1.000, 11, 0, 0, 1, 18, 0, 0, 0, 0, 1.0, 
7, MORGAN, Grace, 3, 5, 3, 13, .154, 0, 0, 1, 1, 0, 1, 4, 0, 0, 8.0, 
8, WOOGK, Tori, 4, 8, 3, 20, .250, 1, 1, 0, 1, 9, 0, 1, 0, 0, 9.5, 
9, MUSE, Kassidy, 4, 8, 4, 20, .200, 0, 0, 0, 0, 4, 0, 0, 0, 0, 8.0, 
11, LENNON, Nicole, 4, 21, 7, 46, .304, 0, 1, 5, 0, 7, 2, 4, 0, 0, 26.0, 
15, KYLE, McKay, 1, 2, 0, 3, .667, 0, 0, 0, 0, 1, 0, 0, 0, 0, 2.0, 
16, ADEKUNLE, Anota, 4, 5, 3, 15, .133, 1, 0, 1, 0, 1, 0, 1, 1, 0, 5.5, 
18, MARTINEZ, Adria, 4, 1, 0, 3, .333, 20, 0, 0, 0, 12, 0, 0, 0, 0, 1.0, 
21, LIVINGSTONE, Shelby, 4, 6, 3, 29, .103, 3, 0, 0, 1, 7, 0, 0, 0, 0, 6.0, 
22, GRAHAM, Carly, 4, 4, 0, 7, .571, 21, 0, 1, 0, 11, 0, 0, 0, 0, 4.0, 
Totals, 61, 23, 157, .242, 57, 2, 9, 4, 70, 3, 10, 1, 0, 71.0, 
~
North Dakota, 
, -- Attack --, , -- Serve --, , -- Block --, , , 
#, Player, SP, K, E, TA, K%, A, SA, SE, RE, DIGS, BS, BA, BE, BHE, PTS, 
0, Kayla Williams, 4, 16, 6, 54, .185, 0, 0, 2, 1, 14, 0, 0, 0, 0, 16.0, 
2, Brynn Nieukirk, 4, 8, 5, 17, .176, 0, 0, 0, 0, 0, 0, 1, 0, 0, 8.5, 
4, Taliyah Flores, 4, 0, 0, 1, .000, 0, 1, 1, 0, 9, 0, 0, 0, 0, 1.0, 
5, Alivia Fraase, 4, 0, 0, 0, .000, 3, 1, 0, 1, 16, 0, 0, 0, 0, 1.0, 
7, Lexi Ahrens, 2, 0, 0, 1, .000, 0, 0, 0, 0, 0, 0, 0, 0, 0, 0.0, 
8, Lydia Rutten, 4, 3, 5, 20, -.100, 0, 0, 1, 0, 2, 0, 2, 0, 0, 4.0, 
9, Roosa Rautio, 4, 3, 1, 7, .286, 34, 0, 0, 0, 8, 0, 0, 0, 3, 3.0, 
12, Jordan Vail, 4, 7, 5, 27, .074, 0, 0, 0, 0, 0, 0, 2, 0, 0, 8.0, 
16, Maggie Smith, 4, 0, 0, 0, .000, 0, 0, 0, 0, 4, 0, 0, 0, 0, 0.0, 
17, Tamika Brekke, 4, 0, 0, 0, .000, 2, 2, 0, 0, 8, 0, 0, 0, 0, 2.0, 
18, Ashley Brueggeman, 4, 7, 2, 25, .200, 2, 0, 0, 0, 5, 0, 3, 0, 0, 8.5, 
Totals, 44, 24, 152, .132, 41, 4, 4, 2, 66, 0, 8, 0, 3, 52.0, 
~
