Final, 1, 2, 3, 4, Score, 
Omaha (5-5), 19, 25, 26, 25, 3, 
Wis.-Milwaukee (0-11), 25, 21, 24, 21, 1, 
~
Omaha, 
, -- Attack --, , -- Serve --, , -- Block --, , , 
#, Player, SP, K, E, TA, K%, A, SA, SE, RE, DIGS, BS, BA, BE, BHE, PTS, 
1, Courtney Morehead, 4, 0, 0, 1, .000, 1, 1, 0, 0, 9, 0, 0, 0, 0, 1.0, 
3, Abby Bergsten, 4, 9, 5, 35, .114, 0, 0, 0, 0, 2, 0, 3, 0, 0, 10.5, 
5, Kenzie Michalek, 4, 0, 0, 0, .000, 0, 0, 0, 0, 7, 0, 0, 0, 0, 0.0, 
6, Isabella Sade, 4, 11, 4, 26, .269, 1, 3, 0, 0, 6, 0, 9, 0, 0, 18.5, 
8, Claire Mountjoy, 4, 0, 1, 1, -1.000, 1, 1, 2, 0, 16, 0, 0, 0, 0, 1.0, 
10, Sadie Limback, 4, 18, 6, 39, .308, 0, 1, 2, 2, 6, 1, 7, 0, 0, 23.5, 
11, Anna Blaschko, 4, 17, 3, 28, .500, 0, 0, 0, 0, 2, 2, 7, 1, 0, 22.5, 
14, Claire Leonard, 4, 1, 2, 22, -.045, 0, 0, 0, 1, 8, 0, 5, 1, 0, 3.5, 
16, Maggie Meyer, 2, 0, 1, 3, -.333, 0, 1, 0, 0, 3, 0, 0, 0, 0, 1.0, 
24, Sydney Case, 4, 1, 0, 4, .250, 54, 1, 2, 0, 9, 0, 1, 0, 1, 2.5, 
Totals, 57, 22, 159, .220, 57, 8, 6, 3, 68, 3, 32, 2, 1, 84.0, 
~
Wis.-Milwaukee, 
, -- Attack --, , -- Serve --, , -- Block --, , , 
#, Player, SP, K, E, TA, K%, A, SA, SE, RE, DIGS, BS, BA, BE, BHE, PTS, 
1, MILLER, Jenna, 3, 8, 1, 14, .500, 0, 0, 0, 0, 0, 0, 1, 2, 0, 8.5, 
2, MROCZENSKI, Makenzie, 4, 8, 4, 22, .182, 0, 0, 2, 0, 0, 0, 1, 0, 0, 8.5, 
3, KIEKHOFER, Louise, 4, 11, 7, 33, .121, 0, 0, 0, 0, 4, 0, 0, 0, 0, 11.0, 
4, HEILEMANN, Carmen, 4, 7, 6, 25, .040, 2, 0, 0, 0, 0, 0, 1, 0, 0, 7.5, 
5, MONGAN, Kailynn, 4, 0, 1, 1, -1.000, 0, 0, 0, 0, 10, 0, 0, 0, 0, 0.0, 
8, DORE, Jenn, 4, 1, 0, 3, .333, 23, 0, 0, 0, 7, 0, 0, 0, 1, 1.0, 
11, CERNIAUSKAITE, Kleja, 4, 6, 1, 18, .278, 0, 0, 0, 0, 0, 1, 2, 0, 0, 8.0, 
12, GRABOWSKI, Jess, 4, 0, 0, 0, .000, 3, 0, 0, 5, 24, 0, 0, 0, 0, 0.0, 
13, VAUGHN, Rylie, 4, 0, 0, 0, .000, 23, 1, 0, 0, 7, 0, 0, 0, 0, 1.0, 
14, WILKS, Kylie, 4, 3, 4, 23, -.043, 3, 2, 1, 3, 15, 0, 1, 0, 0, 5.5, 
16, KOENEN, Abby, 4, 13, 2, 20, .550, 0, 0, 0, 0, 1, 0, 2, 0, 0, 14.0, 
Totals, 57, 26, 159, .195, 54, 3, 3, 8, 68, 1, 8, 2, 1, 65.0, 
~
