Final, 1, 2, 3, Score, 
Louisiana Tech (1-4), 17, 16, 17, 0, 
North Dakota (4-3), 25, 25, 25, 3, 
~
Louisiana Tech, 
, -- Attack --, , -- Serve --, , -- Block --, , , 
#, Player, SP, K, E, TA, K%, A, SA, SE, RE, DIGS, BS, BA, BE, BHE, PTS, 
1, CURRIE, Morgan, 3, 0, 0, 0, .000, 0, 0, 0, 0, 2, 0, 0, 0, 0, 0.0, 
3, CARSWELL, Jordyn, 1, 1, 0, 1, 1.000, 0, 0, 0, 0, 0, 0, 0, 0, 0, 1.0, 
4, PENN, Jayde, 2, 1, 2, 6, -.167, 0, 0, 0, 0, 1, 0, 0, 0, 0, 1.0, 
5, MIRICH, Carter, 3, 8, 5, 20, .150, 0, 0, 3, 4, 7, 0, 1, 0, 0, 8.5, 
6, PROSTRAN, Mia, 2, 1, 0, 1, 1.000, 10, 0, 1, 0, 4, 0, 0, 0, 0, 1.0, 
8, ADAMS, Kaitlyn, 3, 7, 10, 40, -.075, 0, 0, 1, 0, 4, 0, 1, 0, 0, 7.5, 
9, BOYLAN, Emily, 3, 2, 2, 6, .000, 0, 0, 0, 0, 2, 0, 2, 1, 0, 3.0, 
11, HILDENBRAND, Abigail, 3, 0, 0, 0, .000, 15, 0, 1, 0, 5, 0, 1, 0, 0, 0.5, 
12, HENDRICKS, Lara, 3, 9, 1, 25, .320, 0, 0, 0, 1, 2, 0, 0, 0, 0, 9.0, 
14, ZUCCO, Alyssa, 3, 0, 0, 0, .000, 5, 0, 0, 0, 11, 0, 0, 0, 0, 0.0, 
17, DAVIS, Madeline, 3, 5, 1, 14, .286, 0, 0, 0, 0, 0, 0, 1, 0, 0, 5.5, 
Totals, 34, 21, 113, .115, 30, 0, 6, 5, 38, 0, 6, 1, 0, 37.0, 
~
North Dakota, 
, -- Attack --, , -- Serve --, , -- Block --, , , 
#, Player, SP, K, E, TA, K%, A, SA, SE, RE, DIGS, BS, BA, BE, BHE, PTS, 
0, Kayla Williams, 3, 9, 6, 26, .115, 0, 1, 0, 0, 10, 0, 1, 1, 0, 10.5, 
2, Brynn Nieukirk, 3, 8, 2, 16, .375, 0, 0, 0, 0, 0, 0, 1, 0, 0, 8.5, 
4, Taliyah Flores, 3, 1, 0, 4, .250, 0, 0, 0, 0, 8, 0, 0, 0, 0, 1.0, 
5, Alivia Fraase, 3, 0, 0, 1, .000, 3, 2, 0, 0, 14, 0, 0, 0, 0, 2.0, 
7, Lexi Ahrens, 1, 0, 0, 0, .000, 0, 0, 0, 0, 0, 0, 0, 0, 0, 0.0, 
8, Lydia Rutten, 3, 3, 0, 7, .429, 0, 1, 0, 0, 3, 1, 2, 1, 0, 6.0, 
9, Roosa Rautio, 3, 2, 0, 4, .500, 32, 1, 0, 0, 10, 0, 0, 0, 0, 3.0, 
12, Jordan Vail, 3, 8, 4, 20, .200, 0, 0, 0, 0, 0, 2, 3, 0, 0, 11.5, 
16, Maggie Smith, 1, 0, 0, 0, .000, 0, 0, 0, 0, 0, 0, 0, 0, 0, 0.0, 
17, Tamika Brekke, 3, 0, 0, 0, .000, 1, 0, 0, 0, 5, 0, 0, 0, 0, 0.0, 
18, Ashley Brueggeman, 3, 6, 3, 15, .200, 0, 0, 0, 0, 1, 0, 3, 0, 0, 7.5, 
Totals, 37, 15, 93, .237, 36, 5, 0, 0, 51, 3, 10, 2, 0, 50.0, 
~
