Final, 1, 2, 3, 4, 5, Score, 
Oral Roberts (7-15, 4-6 SL), 25, 25, 27, 18, 10, 2, 
North Dakota State (6-16, 4-7 SL), 23, 18, 29, 25, 15, 3, 
~
Oral Roberts, 
, -- Attack --, , -- Serve --, , -- Block --, , , 
#, Player, SP, K, E, TA, K%, A, SA, SE, RE, DIGS, BS, BA, BE, BHE, PTS, 
1, Tori Roe, 5, 0, 1, 1, -1.000, 4, 0, 1, 2, 24, 0, 0, 0, 0, 0.0, 
6, Inka Inkret, 5, 14, 12, 55, .036, 2, 0, 2, 1, 17, 0, 0, 0, 0, 14.0, 
10, Bria Bergman, 5, 3, 0, 8, .375, 49, 1, 0, 0, 14, 0, 4, 0, 2, 6.0, 
11, Taylan Nero, 4, 8, 3, 23, .217, 0, 0, 0, 0, 2, 1, 4, 0, 0, 11.0, 
12, Bri Greenlee, 5, 10, 1, 20, .450, 0, 1, 1, 0, 3, 3, 3, 0, 0, 15.5, 
13, Sarah Thiessen, 1, 0, 0, 0, .000, 0, 0, 0, 0, 0, 0, 0, 0, 0, 0.0, 
14, Katarina Mikulic, 5, 5, 1, 21, .190, 0, 0, 0, 2, 11, 1, 0, 0, 0, 6.0, 
15, Morgan Blomquist, 5, 6, 3, 31, .097, 0, 0, 0, 0, 0, 0, 0, 1, 0, 6.0, 
17, CeCe Madison, 5, 12, 8, 34, .118, 1, 0, 1, 2, 20, 0, 3, 0, 0, 13.5, 
Totals, 58, 29, 193, .150, 56, 2, 5, 7, 91, 5, 14, 1, 2, 72.0, 
~
North Dakota State, 
, -- Attack --, , -- Serve --, , -- Block --, , , 
#, Player, SP, K, E, TA, K%, A, SA, SE, RE, DIGS, BS, BA, BE, BHE, PTS, 
2, Allie Mauch, 5, 15, 9, 38, .158, 0, 0, 0, 0, 4, 0, 3, 1, 0, 16.5, 
4, Ally Murphy, 2, 0, 0, 0, .000, 0, 0, 0, 0, 0, 0, 0, 0, 0, 0.0, 
5, McKenzie Burke, 5, 19, 10, 68, .132, 0, 1, 2, 1, 22, 0, 2, 0, 0, 21.0, 
6, Alex Erickson, 1, 0, 2, 2, -1.000, 0, 0, 0, 0, 0, 0, 0, 0, 0, 0.0, 
7, Abbi Klos, 5, 0, 0, 0, .000, 3, 0, 0, 0, 17, 0, 0, 0, 0, 0.0, 
8, Bella Lien, 5, 8, 3, 16, .312, 0, 0, 0, 0, 2, 0, 5, 0, 0, 10.5, 
9, Emily Halverson, 5, 8, 3, 29, .172, 0, 1, 1, 0, 5, 2, 6, 0, 1, 14.0, 
12, Kaylee Hanger, 5, 0, 1, 1, -1.000, 1, 1, 1, 0, 16, 0, 0, 0, 0, 1.0, 
13, Alexis Bachmeier, 5, 13, 5, 41, .195, 2, 2, 1, 1, 13, 0, 2, 0, 0, 16.0, 
16, Kalli Hegerle, 5, 3, 1, 10, .200, 55, 2, 3, 0, 15, 0, 4, 0, 2, 7.0, 
Totals, 66, 34, 205, .156, 61, 7, 8, 2, 94, 2, 22, 1, 3, 86.0, 
~
