Final, 1, 2, 3, 4, Score, 
Oral Roberts (1-4), 25, 19, 14, 18, 1, 
Ball St. (4-1), 18, 25, 25, 25, 3, 
~
Oral Roberts, 
, -- Attack --, , -- Serve --, , -- Block --, , , 
#, Player, SP, K, E, TA, K%, A, SA, SE, RE, DIGS, BS, BA, BE, BHE, PTS, 
1, Tori Roe, 4, 0, 0, 0, .000, 3, 1, 1, 0, 28, 0, 0, 0, 0, 1.0, 
6, Inka Inkret, 4, 13, 6, 38, .184, 0, 1, 2, 1, 7, 0, 1, 0, 0, 14.5, 
10, Bria Bergman, 4, 2, 1, 9, .111, 41, 1, 0, 0, 4, 0, 1, 0, 1, 3.5, 
11, Taylan Nero, 4, 8, 4, 20, .200, 0, 0, 0, 0, 1, 1, 2, 0, 0, 10.0, 
12, Bri Greenlee, 2, 0, 1, 2, -.500, 0, 0, 0, 0, 0, 0, 0, 0, 0, 0.0, 
13, Sarah Thiessen, 2, 0, 0, 0, .000, 0, 0, 0, 0, 0, 0, 0, 0, 0, 0.0, 
14, Katarina Mikulic, 4, 0, 0, 0, .000, 0, 3, 0, 0, 10, 0, 0, 0, 0, 3.0, 
15, Morgan Blomquist, 4, 5, 2, 24, .125, 0, 0, 0, 0, 0, 0, 3, 2, 0, 6.5, 
16, Lara Picht, 4, 7, 4, 29, .103, 0, 0, 0, 0, 2, 0, 0, 0, 0, 7.0, 
17, CeCe Madison, 4, 11, 8, 27, .111, 0, 0, 0, 0, 9, 0, 3, 1, 0, 12.5, 
TM, TEAM, 1, 0, 0, 0, .000, 0, 0, 0, 0, 0, 0, 0, 0, 0, 0.0, 
Totals, 46, 26, 149, .134, 44, 6, 3, 1, 61, 1, 10, 3, 1, 58.0, 
~
Ball St., 
, -- Attack --, , -- Serve --, , -- Block --, , , 
#, Player, SP, K, E, TA, K%, A, SA, SE, RE, DIGS, BS, BA, BE, BHE, PTS, 
2, AVILA, Kate, 4, 0, 0, 0, .000, 4, 0, 1, 0, 22, 0, 0, 0, 0, 0.0, 
7, HOLLAND, Emily, 2, 6, 2, 10, .400, 0, 0, 0, 0, 0, 0, 1, 0, 0, 6.5, 
8, LINDSEY, Jessica, 4, 10, 3, 32, .219, 0, 0, 0, 0, 1, 1, 2, 1, 0, 12.0, 
9, STARCK, Cathryn, 4, 0, 0, 0, .000, 1, 0, 1, 1, 5, 0, 0, 0, 0, 0.0, 
10, DUNN, Ellie, 4, 12, 9, 36, .083, 2, 0, 0, 4, 15, 0, 0, 0, 0, 12.0, 
11, SEAMAN, Amber, 4, 4, 0, 7, .571, 52, 0, 2, 0, 8, 0, 1, 1, 0, 4.5, 
12, VANBEEK, Sydnee, 4, 20, 2, 36, .500, 0, 0, 1, 0, 4, 1, 2, 0, 0, 22.0, 
14, HOLDER, Kia, 1, 1, 0, 2, .500, 0, 0, 0, 0, 0, 0, 0, 0, 0, 1.0, 
16, JENSEN, Anna, 4, 0, 0, 0, .000, 1, 1, 0, 1, 11, 0, 0, 0, 0, 1.0, 
17, KRAL, Reece, 4, 6, 0, 17, .353, 0, 0, 0, 0, 0, 0, 1, 0, 1, 6.5, 
21, STARLING, Meg, 2, 3, 1, 7, .286, 0, 0, 0, 0, 1, 0, 1, 0, 0, 3.5, 
Totals, 62, 17, 147, .306, 60, 1, 5, 6, 67, 2, 8, 2, 1, 69.0, 
~
