Final, 1, 2, 3, Score, 
Iowa (3-3), 25, 25, 25, 3, 
South Dakota State (2-8), 16, 16, 19, 0, 
~
Iowa, 
, -- Attack --, , -- Serve --, , -- Block --, , , 
#, Player, SP, K, E, TA, K%, A, SA, SE, RE, DIGS, BS, BA, BE, BHE, PTS, 
1, Molly Kelly, 3, 0, 0, 0, .000, 3, 2, 0, 0, 15, 0, 0, 0, 0, 2.0, 
2, Courtney Buzzerio, 2, 0, 0, 1, .000, 4, 0, 1, 0, 0, 0, 0, 0, 0, 0.0, 
4, Halle Johnston, 2, 0, 0, 0, .000, 1, 0, 0, 0, 4, 0, 0, 0, 0, 0.0, 
5, Meghan Buzzerio, 1, 0, 0, 2, .000, 0, 0, 1, 0, 0, 0, 0, 0, 0, 0.0, 
7, Brie Orr, 3, 2, 0, 4, .500, 33, 0, 0, 0, 3, 0, 2, 0, 0, 3.0, 
8, Reghan Coyle, 3, 8, 2, 13, .462, 0, 0, 0, 0, 0, 0, 2, 0, 0, 9.0, 
9, Amiya Jones, 3, 7, 0, 9, .778, 0, 0, 0, 0, 0, 1, 2, 0, 0, 9.0, 
10, Griere Hughes, 1, 3, 1, 5, .400, 0, 0, 0, 0, 0, 0, 1, 0, 0, 3.5, 
12, Emily Bushman, 1, 0, 0, 0, .000, 0, 0, 1, 0, 0, 0, 0, 0, 0, 0.0, 
14, Cali Hoye, 3, 11, 5, 27, .222, 0, 3, 0, 1, 5, 0, 1, 0, 0, 14.5, 
15, Maddie Slagle, 3, 0, 0, 0, .000, 0, 0, 0, 0, 4, 0, 0, 0, 0, 0.0, 
16, Taylor Louis, 2, 9, 1, 17, .471, 0, 0, 0, 0, 0, 0, 0, 0, 0, 9.0, 
18, Hannah Clayton, 3, 2, 0, 5, .400, 0, 1, 2, 0, 2, 2, 4, 0, 0, 7.0, 
TM, TEAM, 1, 0, 0, 0, .000, 0, 0, 0, 1, 0, 0, 0, 0, 0, 0.0, 
Totals, 42, 9, 83, .398, 41, 6, 5, 2, 33, 3, 12, 0, 0, 57.0, 
~
South Dakota State, 
, -- Attack --, , -- Serve --, , -- Block --, , , 
#, Player, SP, K, E, TA, K%, A, SA, SE, RE, DIGS, BS, BA, BE, BHE, PTS, 
1, Sierra Peterson, 3, 5, 3, 13, .154, 0, 0, 0, 0, 1, 0, 1, 0, 0, 5.5, 
2, Kari Brucker, 3, 0, 0, 0, .000, 0, 0, 3, 2, 4, 0, 0, 0, 0, 0.0, 
3, Makenzie Hennen, 3, 12, 6, 35, .171, 0, 0, 0, 0, 3, 0, 0, 0, 0, 12.0, 
4, Ashlynn Smith, 3, 6, 3, 15, .200, 0, 2, 0, 0, 5, 1, 1, 0, 0, 9.5, 
5, Kasey Brower, 3, 0, 0, 0, .000, 0, 0, 0, 2, 0, 0, 0, 0, 0, 0.0, 
9, Crystal Burk, 2, 1, 1, 5, .000, 0, 0, 0, 0, 0, 0, 0, 0, 0, 1.0, 
11, Payton Richardson, 3, 3, 3, 8, .000, 0, 0, 0, 0, 0, 0, 2, 0, 0, 4.0, 
12, Ellie Thein, 3, 0, 0, 3, .000, 2, 0, 0, 1, 7, 0, 0, 0, 0, 0.0, 
15, Sydney Andrews, 3, 6, 3, 14, .214, 0, 0, 2, 0, 1, 0, 1, 0, 0, 6.5, 
18, Maddie Fay, 3, 0, 0, 2, .000, 31, 0, 2, 0, 5, 0, 1, 0, 1, 0.5, 
TM, TEAM, 2, 0, 0, 0, .000, 0, 0, 0, 1, 0, 0, 0, 0, 0, 0.0, 
Totals, 33, 19, 95, .147, 33, 2, 7, 6, 26, 1, 6, 0, 1, 39.0, 
~
