Final, 1, 2, 3, 4, Score, 
Western Mich. (1-2), 25, 25, 24, 25, 3, 
South Dakota State (0-3), 21, 20, 26, 21, 1, 
~
Western Mich., 
, -- Attack --, , -- Serve --, , -- Block --, , , 
#, Player, SP, K, E, TA, K%, A, SA, SE, RE, DIGS, BS, BA, BE, BHE, PTS, 
1, KALAJ, ILLYRIA, 4, 0, 0, 0, .000, 2, 1, 0, 5, 14, 0, 0, 0, 0, 1.0, 
2, MARTIN, WILLOW, 4, 13, 1, 27, .444, 0, 0, 0, 0, 5, 1, 0, 0, 0, 14.0, 
3, REILLY, KATHLEEN, 4, 0, 0, 0, .000, 1, 0, 1, 1, 20, 0, 0, 0, 0, 0.0, 
6, SMITH, KALEY, 4, 0, 0, 0, .000, 2, 0, 0, 2, 7, 0, 0, 0, 0, 0.0, 
8, CAREY, KATE, 2, 3, 4, 12, -.083, 0, 0, 0, 0, 0, 0, 1, 0, 0, 3.5, 
9, BONTRAGER, RACHEL, 4, 20, 7, 52, .250, 0, 3, 1, 3, 10, 1, 3, 0, 0, 25.5, 
12, MURPHY, MARY, 4, 3, 0, 5, .600, 45, 2, 1, 0, 13, 0, 4, 0, 2, 7.0, 
13, WILLIAMS, JANELL, 1, 0, 0, 1, .000, 0, 0, 0, 0, 0, 0, 0, 0, 0, 0.0, 
14, SMIGIEL, CASSANDRA, 2, 0, 1, 6, -.167, 0, 0, 0, 0, 0, 0, 1, 1, 0, 0.5, 
17, WHITE, JORDAN, 4, 7, 1, 14, .429, 0, 0, 0, 0, 0, 1, 6, 0, 0, 11.0, 
18, LABOLLE, SAMMI, 4, 7, 3, 20, .200, 0, 0, 1, 0, 2, 0, 3, 0, 0, 8.5, 
20, POTTS, KENNEDY, 3, 0, 0, 0, .000, 0, 0, 0, 0, 0, 0, 0, 0, 0, 0.0, 
Totals, 53, 17, 137, .263, 50, 6, 4, 11, 71, 3, 18, 1, 2, 71.0, 
~
South Dakota State, 
, -- Attack --, , -- Serve --, , -- Block --, , , 
#, Player, SP, K, E, TA, K%, A, SA, SE, RE, DIGS, BS, BA, BE, BHE, PTS, 
1, Sierra Peterson, 4, 5, 3, 16, .125, 0, 0, 0, 0, 1, 0, 1, 0, 0, 5.5, 
2, Kari Brucker, 4, 0, 0, 1, .000, 1, 2, 2, 0, 11, 0, 0, 0, 0, 2.0, 
3, Makenzie Hennen, 4, 16, 11, 56, .089, 1, 4, 1, 3, 10, 1, 1, 0, 0, 21.5, 
4, Ashlynn Smith, 4, 9, 4, 20, .250, 0, 0, 3, 0, 3, 0, 2, 0, 0, 10.0, 
5, Kasey Brower, 2, 0, 0, 0, .000, 0, 0, 0, 0, 4, 0, 0, 0, 0, 0.0, 
9, Crystal Burk, 4, 7, 7, 34, .000, 0, 2, 3, 3, 10, 0, 0, 0, 0, 9.0, 
12, Ellie Thein, 4, 1, 0, 3, .333, 0, 1, 0, 0, 14, 0, 0, 0, 0, 2.0, 
15, Sydney Andrews, 4, 11, 2, 21, .429, 0, 0, 0, 0, 1, 0, 2, 0, 0, 12.0, 
18, Maddie Fay, 4, 1, 0, 8, .125, 45, 2, 1, 0, 9, 0, 2, 0, 1, 4.0, 
Totals, 50, 27, 159, .145, 47, 11, 10, 6, 63, 1, 8, 0, 1, 66.0, 
~
