Final, 1, 2, 3, 4, Score, 
Omaha (14-9 (9-2)), 25, 25, 23, 25, 3, 
North Dakota (13-14 (5-6)), 22, 16, 25, 20, 1, 
~
Omaha, 
, -- Attack --, , -- Serve --, , -- Block --, , , 
#, Player, SP, K, E, TA, K%, A, SA, SE, RE, DIGS, BS, BA, BE, BHE, PTS, 
1, Courtney Morehead, 4, 0, 0, 1, .000, 1, 2, 2, 2, 8, 0, 0, 0, 0, 2.0, 
2, Giselle Eiche, 2, 0, 0, 0, .000, 0, 2, 2, 0, 1, 0, 0, 0, 0, 2.0, 
3, Abby Bergsten, 4, 7, 2, 28, .179, 0, 0, 0, 0, 1, 0, 1, 0, 0, 7.5, 
5, Kenzie Michalek, 4, 0, 0, 0, .000, 0, 1, 1, 2, 8, 0, 0, 0, 0, 1.0, 
6, Isabella Sade, 4, 14, 0, 23, .609, 0, 3, 2, 0, 3, 0, 6, 0, 0, 20.0, 
8, Claire Mountjoy, 4, 0, 0, 0, .000, 1, 0, 2, 1, 15, 0, 0, 0, 0, 0.0, 
10, Sadie Limback, 4, 16, 7, 37, .243, 0, 1, 2, 0, 3, 0, 5, 0, 0, 19.5, 
11, Anna Blaschko, 4, 7, 1, 17, .353, 0, 0, 0, 0, 0, 3, 1, 0, 0, 10.5, 
14, Claire Leonard, 4, 5, 8, 30, -.100, 1, 0, 0, 0, 4, 0, 0, 2, 0, 5.0, 
24, Sydney Case, 4, 2, 0, 6, .333, 45, 1, 2, 0, 4, 0, 1, 0, 0, 3.5, 
Totals, 51, 18, 142, .232, 48, 10, 13, 5, 47, 3, 14, 2, 0, 71.0, 
~
North Dakota, 
, -- Attack --, , -- Serve --, , -- Block --, , , 
#, Player, SP, K, E, TA, K%, A, SA, SE, RE, DIGS, BS, BA, BE, BHE, PTS, 
1, Darian Chwialkowski, 4, 6, 6, 19, .000, 0, 2, 1, 0, 12, 1, 0, 1, 0, 9.0, 
5, Alivia Fraase, 4, 0, 0, 0, .000, 3, 2, 0, 5, 28, 0, 0, 0, 0, 2.0, 
7, Lexi Ahrens, 4, 7, 4, 27, .111, 0, 0, 0, 0, 0, 0, 2, 1, 0, 8.0, 
8, Lydia Rutten, 4, 5, 2, 15, .200, 0, 0, 1, 0, 0, 0, 0, 1, 0, 5.0, 
9, Roosa Rautio, 4, 1, 1, 3, .000, 41, 0, 1, 1, 3, 0, 0, 0, 0, 1.0, 
12, Jordan Vail, 4, 10, 7, 28, .107, 0, 0, 0, 0, 1, 2, 2, 0, 0, 13.0, 
14, Kelly Wahl, 1, 0, 0, 1, .000, 0, 0, 0, 0, 0, 0, 0, 0, 0, 0.0, 
15, Taylor Riedl, 2, 0, 1, 5, -.200, 0, 0, 0, 0, 1, 0, 0, 0, 0, 0.0, 
16, Maggie Smith, 4, 0, 0, 0, .000, 0, 0, 1, 0, 6, 0, 0, 0, 0, 0.0, 
17, Tamika Brekke, 4, 0, 0, 0, .000, 0, 0, 1, 3, 6, 0, 0, 0, 0, 0.0, 
18, Ashley Brueggeman, 4, 17, 10, 40, .175, 0, 0, 0, 0, 4, 0, 0, 0, 0, 17.0, 
20, Madi Hart, 4, 0, 0, 0, .000, 0, 1, 0, 0, 0, 0, 0, 0, 0, 1.0, 
TM, TEAM, 1, 0, 0, 0, .000, 0, 0, 0, 1, 0, 0, 0, 0, 0, 0.0, 
Totals, 46, 31, 138, .109, 44, 5, 5, 10, 61, 3, 4, 3, 0, 56.0, 
~
