Final, 1, 2, 3, 4, 5, Score, 
Oral Roberts (9-17, 6-8), 25, 22, 28, 25, 9, 2, 
South Dakota State (6-21, 3-11), 21, 25, 30, 22, 15, 3, 
~
Oral Roberts, 
, -- Attack --, , -- Serve --, , -- Block --, , , 
#, Player, SP, K, E, TA, K%, A, SA, SE, RE, DIGS, BS, BA, BE, BHE, PTS, 
1, Tori Roe, 5, 0, 0, 0, .000, 7, 1, 0, 2, 20, 0, 0, 0, 0, 1.0, 
6, Inka Inkret, 5, 16, 3, 48, .271, 1, 0, 3, 2, 12, 0, 3, 1, 0, 17.5, 
10, Bria Bergman, 5, 3, 2, 9, .111, 53, 0, 1, 0, 14, 0, 2, 0, 0, 4.0, 
12, Bri Greenlee, 5, 10, 0, 21, .476, 0, 0, 2, 0, 2, 0, 7, 1, 0, 13.5, 
13, Sarah Thiessen, 3, 0, 0, 0, .000, 0, 0, 0, 0, 0, 0, 0, 0, 0, 0.0, 
14, Katarina Mikulic, 5, 13, 2, 41, .268, 0, 2, 0, 1, 11, 0, 2, 1, 0, 16.0, 
15, Morgan Blomquist, 5, 14, 2, 30, .400, 0, 0, 0, 0, 1, 0, 4, 0, 0, 16.0, 
16, Lara Picht, 2, 1, 2, 7, -.143, 0, 0, 0, 0, 0, 0, 0, 0, 0, 1.0, 
17, CeCe Madison, 5, 12, 9, 45, .067, 2, 1, 1, 0, 27, 0, 4, 1, 0, 15.0, 
Totals, 69, 20, 201, .244, 63, 4, 7, 5, 87, 0, 22, 4, 0, 84.0, 
~
South Dakota State, 
, -- Attack --, , -- Serve --, , -- Block --, , , 
#, Player, SP, K, E, TA, K%, A, SA, SE, RE, DIGS, BS, BA, BE, BHE, PTS, 
1, Sierra Peterson, 5, 20, 3, 36, .472, 0, 0, 0, 0, 5, 1, 3, 1, 1, 22.5, 
2, Kari Brucker, 5, 0, 0, 0, .000, 0, 0, 0, 0, 1, 0, 0, 0, 0, 0.0, 
3, Makenzie Hennen, 5, 24, 8, 63, .254, 0, 0, 1, 1, 22, 0, 1, 0, 0, 24.5, 
4, Ashlynn Smith, 5, 16, 3, 31, .419, 0, 0, 0, 0, 3, 0, 1, 0, 0, 16.5, 
7, Mattison Munger, 5, 0, 0, 1, .000, 29, 1, 0, 0, 10, 0, 0, 0, 1, 1.0, 
9, Crystal Burk, 5, 9, 4, 34, .147, 1, 4, 3, 2, 17, 0, 2, 0, 0, 14.0, 
11, Payton Richardson, 5, 6, 1, 19, .263, 0, 0, 0, 0, 0, 1, 2, 1, 0, 8.0, 
12, Ellie Thein, 5, 0, 0, 0, .000, 7, 0, 1, 0, 30, 0, 0, 0, 0, 0.0, 
15, Sydney Andrews, 5, 4, 2, 16, .125, 0, 0, 1, 0, 0, 0, 5, 1, 0, 6.5, 
18, Maddie Fay, 5, 0, 0, 0, .000, 36, 0, 3, 0, 6, 0, 0, 0, 1, 0.0, 
TM, TEAM, 1, 0, 0, 0, .000, 0, 0, 0, 1, 0, 0, 0, 0, 0, 0.0, 
Totals, 79, 21, 200, .290, 73, 5, 9, 4, 94, 2, 14, 3, 3, 93.0, 
~
