Final, 1, 2, 3, Score, 
Denver (27-3), 23, 18, 25, 0, 
Utah (19-13), 25, 25, 27, 3, 
~
Denver, 
, -- Attack --, , -- Serve --, , -- Block --, , , 
#, Player, SP, K, E, TA, K%, A, SA, SE, RE, DIGS, BS, BA, BE, BHE, PTS, 
1, Graceyn Tippens, 3, 7, 5, 28, .071, 0, 0, 1, 0, 4, 0, 4, 0, 0, 9.0, 
3, Andrea Eddy, 3, 0, 0, 2, .000, 11, 0, 1, 0, 1, 0, 0, 0, 2, 0.0, 
5, Olivia Novotny, 3, 0, 0, 0, .000, 0, 1, 0, 0, 2, 0, 0, 0, 0, 1.0, 
6, Ellie Anderson, 3, 0, 0, 3, .000, 24, 0, 0, 0, 8, 0, 0, 0, 0, 0.0, 
7, Lauren McManus, 3, 0, 0, 0, .000, 1, 0, 0, 0, 1, 0, 0, 0, 0, 0.0, 
8, Becca Latham, 3, 13, 5, 36, .222, 0, 0, 0, 0, 1, 0, 1, 1, 0, 13.5, 
10, Lydia Bartalo, 3, 11, 3, 23, .348, 0, 0, 2, 1, 8, 0, 0, 0, 0, 11.0, 
12, Macy Carrabine, 3, 0, 0, 0, .000, 5, 0, 0, 1, 12, 0, 0, 0, 0, 0.0, 
13, Tina Boe, 3, 7, 1, 14, .429, 1, 1, 1, 0, 3, 0, 4, 1, 0, 10.0, 
14, Taylor Joachim, 3, 1, 0, 4, .250, 0, 0, 0, 0, 0, 0, 1, 0, 0, 1.5, 
15, Emma Willis, 3, 5, 2, 21, .143, 0, 0, 0, 0, 2, 0, 2, 0, 0, 6.0, 
17, Katie Mahoney, 3, 0, 0, 2, .000, 0, 0, 0, 0, 0, 0, 0, 0, 0, 0.0, 
Totals, 44, 16, 133, .211, 42, 2, 5, 2, 42, 0, 12, 2, 2, 52.0, 
~
Utah, 
, -- Attack --, , -- Serve --, , -- Block --, , , 
#, Player, SP, K, E, TA, K%, A, SA, SE, RE, DIGS, BS, BA, BE, BHE, PTS, 
1, Dani Drews, 3, 18, 9, 36, .250, 0, 1, 0, 0, 12, 0, 0, 0, 0, 19.0, 
2, Taylor Laugero, 1, 0, 0, 0, .000, 0, 0, 0, 0, 0, 0, 0, 0, 0, 0.0, 
4, Kenzie Koerber, 3, 10, 3, 23, .304, 1, 0, 0, 0, 7, 0, 2, 0, 0, 11.0, 
5, Lauga Gauta, 1, 1, 1, 2, .000, 0, 0, 0, 0, 0, 0, 0, 0, 0, 1.0, 
8, Bailey Choy, 3, 2, 0, 6, .333, 33, 1, 0, 0, 12, 0, 1, 0, 0, 3.5, 
9, Saige Ka'aha'aina-Torres, 1, 0, 0, 0, .000, 3, 0, 1, 0, 1, 0, 0, 0, 0, 0.0, 
10, Kennedi Evans, 3, 4, 1, 9, .333, 0, 0, 0, 0, 1, 0, 1, 0, 0, 4.5, 
11, Alexa Van Komen, 1, 0, 0, 0, .000, 0, 0, 0, 0, 0, 0, 0, 0, 0, 0.0, 
14, Megan Yett, 3, 11, 0, 28, .393, 1, 0, 2, 2, 6, 0, 2, 0, 0, 12.0, 
17, Brianna Doehrmann, 3, 0, 0, 0, .000, 6, 0, 1, 0, 16, 0, 0, 0, 0, 0.0, 
18, Lauren Sproule, 3, 5, 2, 9, .333, 0, 0, 0, 0, 2, 0, 4, 0, 0, 7.0, 
Totals, 51, 16, 113, .310, 44, 2, 4, 2, 57, 0, 10, 0, 0, 58.0, 
~
