Final, 1, 2, 3, Score, 
South Dakota (1-1), 25, 25, 25, 3, 
Wis.-Milwaukee (0-2), 15, 14, 16, 0, 
~
South Dakota, 
, -- Attack --, , -- Serve --, , -- Block --, , , 
#, Player, SP, K, E, TA, K%, A, SA, SE, RE, DIGS, BS, BA, BE, BHE, PTS, 
3, Taylor Wilson, 3, 7, 1, 13, .462, 0, 0, 1, 0, 2, 0, 5, 0, 0, 9.5, 
4, Madison Jurgens, 3, 2, 0, 9, .222, 32, 3, 0, 0, 9, 0, 3, 0, 1, 6.5, 
5, Jenna Wagemester, 3, 6, 4, 16, .125, 0, 0, 0, 0, 1, 0, 2, 0, 0, 7.0, 
6, Hayley Dotseth, 3, 13, 6, 34, .206, 0, 1, 0, 0, 9, 1, 1, 0, 0, 15.5, 
8, Lauren Sauer, 3, 0, 0, 0, .000, 2, 1, 1, 0, 11, 0, 0, 0, 0, 1.0, 
9, Kristina Susak, 1, 2, 1, 6, .167, 0, 0, 0, 0, 1, 0, 0, 0, 0, 2.0, 
12, Elizabeth Loschen, 3, 6, 2, 21, .190, 0, 0, 0, 0, 2, 0, 2, 0, 0, 7.0, 
14, Lolo Weideman, 1, 0, 0, 0, .000, 0, 0, 0, 1, 0, 0, 0, 0, 0, 0.0, 
15, Anne Rasmussen, 3, 0, 0, 0, .000, 1, 2, 0, 0, 17, 0, 0, 0, 0, 2.0, 
16, Mehana Fonseca, 3, 0, 0, 0, .000, 2, 3, 1, 0, 2, 0, 0, 0, 0, 3.0, 
17, Emily Grathoff, 3, 2, 0, 8, .250, 0, 0, 0, 0, 0, 2, 3, 0, 0, 5.5, 
TM, TEAM, 1, 0, 0, 0, .000, 0, 0, 0, 1, 0, 0, 0, 0, 0, 0.0, 
Totals, 38, 14, 107, .224, 37, 10, 3, 2, 54, 3, 16, 0, 1, 59.0, 
~
Wis.-Milwaukee, 
, -- Attack --, , -- Serve --, , -- Block --, , , 
#, Player, SP, K, E, TA, K%, A, SA, SE, RE, DIGS, BS, BA, BE, BHE, PTS, 
1, MILLER, Jenna, 1, 1, 1, 7, .000, 0, 0, 0, 0, 0, 0, 0, 0, 0, 1.0, 
2, MROCZENSKI, Makenzie, 2, 3, 2, 14, .071, 0, 0, 0, 0, 0, 0, 2, 0, 0, 4.0, 
3, KIEKHOFER, Louise, 1, 0, 0, 2, .000, 0, 0, 0, 0, 0, 0, 0, 0, 0, 0.0, 
6, KARTALOVIC, Sara, 1, 1, 0, 6, .167, 0, 0, 0, 0, 0, 0, 1, 0, 0, 1.5, 
7, SPAULDING, Lauren, 3, 0, 1, 3, -.333, 0, 1, 1, 1, 15, 0, 0, 0, 1, 1.0, 
8, DORE, Jenn, 3, 0, 0, 0, .000, 13, 0, 1, 0, 3, 0, 0, 0, 0, 0.0, 
9, GRZEBIEN, Allison, 1, 0, 0, 0, .000, 0, 0, 0, 0, 0, 0, 0, 0, 0, 0.0, 
11, CERNIAUSKAITE, Kleja, 3, 4, 4, 16, .000, 0, 0, 0, 0, 1, 0, 2, 0, 0, 5.0, 
12, GRABOWSKI, Jess, 3, 0, 0, 0, .000, 2, 0, 0, 2, 15, 0, 0, 0, 1, 0.0, 
13, VAUGHN, Rylie, 3, 0, 0, 1, .000, 7, 0, 0, 0, 3, 0, 0, 0, 0, 0.0, 
14, WILKS, Kylie, 3, 0, 5, 14, -.357, 1, 1, 0, 3, 5, 0, 0, 0, 0, 1.0, 
15, VOLPIS, Shari, 3, 8, 4, 28, .143, 0, 0, 0, 2, 1, 0, 1, 0, 0, 8.5, 
16, KOENEN, Abby, 3, 6, 4, 16, .125, 0, 0, 0, 1, 1, 0, 2, 0, 0, 7.0, 
18, VOLPIS, Shanon, 2, 2, 1, 6, .167, 0, 0, 0, 0, 0, 0, 0, 0, 0, 2.0, 
TM, TEAM, 1, 0, 0, 0, .000, 0, 0, 0, 1, 0, 0, 0, 0, 0, 0.0, 
Totals, 25, 22, 113, .027, 23, 2, 2, 10, 44, 0, 8, 0, 2, 31.0, 
~
