Final, 1, 2, 3, 4, 5, Score, 
Abilene Christian (3-7), 18, 25, 25, 22, 15, 3, 
Oral Roberts (3-5), 25, 19, 18, 25, 10, 2, 
~
Abilene Christian, 
, -- Attack --, , -- Serve --, , -- Block --, , , 
#, Player, SP, K, E, TA, K%, A, SA, SE, RE, DIGS, BS, BA, BE, BHE, PTS, 
2, Resendiz, Sofia, 3, 0, 0, 0, .000, 1, 0, 0, 1, 6, 0, 0, 0, 0, 0.0, 
3, Brown, Mikai, 2, 0, 0, 1, .000, 0, 0, 2, 1, 3, 0, 0, 0, 0, 0.0, 
4, Mueller, Katelyn, 5, 12, 5, 45, .156, 0, 0, 2, 0, 22, 0, 5, 0, 0, 14.5, 
6, Drever, Lillian, 5, 0, 0, 0, .000, 0, 0, 1, 0, 25, 0, 0, 0, 0, 0.0, 
7, Walker, Lauren, 5, 11, 4, 25, .280, 0, 1, 1, 0, 0, 0, 7, 0, 0, 15.5, 
8, Smith, Jacey, 5, 11, 6, 49, .102, 1, 1, 4, 0, 17, 0, 2, 0, 0, 13.0, 
11, Bosse, Kendall, 5, 2, 1, 9, .111, 55, 1, 0, 0, 2, 0, 5, 0, 1, 5.5, 
12, Rawls, Lexie, 1, 0, 0, 0, .000, 0, 0, 1, 0, 0, 0, 0, 0, 0, 0.0, 
13, McNeil, Lorin, 5, 17, 3, 33, .424, 0, 0, 0, 0, 1, 0, 10, 1, 0, 22.0, 
14, Sandercox, Marybeth, 5, 7, 3, 23, .174, 0, 0, 0, 0, 8, 0, 6, 0, 0, 10.0, 
19, Shelstead, Kennedy, 1, 1, 1, 2, .000, 0, 0, 0, 0, 0, 0, 1, 0, 0, 1.5, 
Totals, 61, 23, 187, .203, 57, 3, 11, 2, 84, 0, 36, 1, 1, 82.0, 
~
Oral Roberts, 
, -- Attack --, , -- Serve --, , -- Block --, , , 
#, Player, SP, K, E, TA, K%, A, SA, SE, RE, DIGS, BS, BA, BE, BHE, PTS, 
1, Tori Roe, 5, 0, 0, 1, .000, 5, 0, 0, 1, 25, 0, 0, 0, 0, 0.0, 
10, Bria Bergman, 5, 7, 0, 12, .583, 41, 0, 0, 0, 13, 0, 1, 0, 0, 7.5, 
11, Taylan Nero, 5, 10, 5, 31, .161, 1, 0, 0, 0, 1, 0, 3, 1, 0, 11.5, 
12, Bri Greenlee, 5, 4, 6, 21, -.095, 0, 0, 0, 0, 2, 0, 3, 0, 0, 5.5, 
13, Sarah Thiessen, 5, 0, 0, 0, .000, 1, 1, 1, 0, 11, 0, 0, 0, 0, 1.0, 
14, Katarina Mikulic, 5, 16, 11, 43, .116, 3, 1, 2, 1, 18, 0, 0, 0, 0, 17.0, 
15, Morgan Blomquist, 5, 7, 5, 26, .077, 0, 0, 1, 0, 0, 1, 5, 0, 0, 10.5, 
16, Lara Picht, 5, 16, 9, 72, .097, 5, 0, 0, 1, 18, 0, 4, 0, 0, 18.0, 
Totals, 60, 36, 206, .117, 56, 2, 4, 3, 88, 1, 16, 1, 0, 71.0, 
~
