Final, 1, 2, 3, Score, 
UNI (5-4), 25, 25, 25, 3, 
North Dakota State (2-8), 16, 22, 15, 0, 
~
UNI, 
, -- Attack --, , -- Serve --, , -- Block --, , , 
#, Player, SP, K, E, TA, K%, A, SA, SE, RE, DIGS, BS, BA, BE, BHE, PTS, 
6, Sorge, Kendyl, 3, 0, 0, 0, .000, 1, 1, 0, 0, 15, 0, 0, 0, 0, 1.0, 
8, Petersen, Baylee, 3, 0, 0, 1, .000, 1, 0, 1, 0, 7, 0, 0, 0, 0, 0.0, 
11, Taylor, Karlie, 3, 15, 7, 40, .200, 1, 0, 1, 1, 5, 1, 0, 0, 0, 16.0, 
12, Busswitz, Kate, 3, 4, 1, 11, .273, 0, 0, 2, 0, 2, 0, 2, 1, 0, 5.0, 
13, Rotto, Inga, 3, 1, 1, 3, .000, 0, 0, 0, 0, 3, 0, 1, 0, 0, 1.5, 
14, Koop, Rachel, 3, 1, 0, 3, .333, 44, 0, 1, 0, 9, 1, 0, 0, 0, 2.0, 
15, Spies, Carly, 1, 2, 0, 2, 1.000, 0, 0, 0, 0, 0, 0, 0, 1, 0, 2.0, 
16, Seehase, Jaydlin, 3, 13, 5, 28, .286, 1, 0, 0, 0, 3, 0, 1, 0, 0, 13.5, 
17, Thomas, Piper, 3, 14, 3, 28, .393, 0, 0, 0, 0, 2, 0, 0, 0, 0, 14.0, 
18, Staack, Abbi, 3, 0, 1, 2, -.500, 2, 1, 1, 1, 2, 0, 0, 0, 0, 1.0, 
20, Hedges, Taylor, 3, 1, 0, 1, 1.000, 1, 1, 0, 0, 10, 0, 0, 0, 0, 2.0, 
TM, Team, 3, 0, 0, 0, .000, 0, 0, 0, 0, 0, 0, 0, 0, 0, 0.0, 
Totals, 51, 18, 119, .277, 51, 3, 6, 2, 58, 2, 4, 2, 0, 58.0, 
~
North Dakota State, 
, -- Attack --, , -- Serve --, , -- Block --, , , 
#, Player, SP, K, E, TA, K%, A, SA, SE, RE, DIGS, BS, BA, BE, BHE, PTS, 
2, Allie Mauch, 3, 7, 6, 26, .038, 0, 0, 0, 0, 2, 0, 0, 2, 0, 7.0, 
4, Ally Murphy, 2, 0, 0, 0, .000, 0, 0, 1, 0, 1, 0, 0, 0, 0, 0.0, 
6, Alex Erickson, 3, 0, 0, 0, .000, 1, 0, 0, 1, 3, 0, 0, 0, 0, 0.0, 
7, Abbi Klos, 3, 0, 0, 0, .000, 0, 1, 0, 0, 6, 0, 0, 0, 0, 1.0, 
8, Bella Lien, 3, 2, 1, 12, .083, 0, 0, 0, 0, 0, 1, 1, 1, 0, 3.5, 
9, Emily Halverson, 3, 4, 2, 16, .125, 0, 0, 0, 1, 1, 0, 2, 0, 0, 5.0, 
10, Maggie Steffen, 3, 3, 2, 14, .071, 0, 0, 0, 0, 2, 0, 0, 1, 0, 3.0, 
12, Kaylee Hanger, 3, 0, 0, 1, .000, 5, 0, 0, 1, 13, 0, 0, 0, 0, 0.0, 
13, Alexis Bachmeier, 3, 6, 4, 28, .071, 0, 0, 0, 0, 7, 0, 0, 0, 0, 6.0, 
16, Kalli Hegerle, 3, 5, 2, 13, .231, 20, 1, 1, 0, 3, 0, 3, 0, 1, 7.5, 
TM, Team, 3, 0, 0, 0, .000, 0, 0, 0, 0, 0, 0, 0, 0, 0, 0.0, 
Totals, 27, 17, 110, .091, 26, 2, 2, 3, 38, 1, 6, 4, 1, 33.0, 
~
