Final, 1, 2, 3, Score, 
South Dakota (6-2), 17, 22, 22, 0, 
Central Ark. (7-2), 25, 25, 25, 3, 
~
South Dakota, 
, -- Attack --, , -- Serve --, , -- Block --, , , 
#, Player, SP, K, E, TA, K%, A, SA, SE, RE, DIGS, BS, BA, BE, BHE, PTS, 
2, Claire Gerdes, 3, 1, 1, 7, .000, 0, 0, 0, 0, 1, 0, 1, 0, 0, 1.5, 
3, Taylor Wilson, 3, 8, 2, 18, .333, 0, 0, 0, 0, 2, 0, 0, 0, 0, 8.0, 
4, Madison Jurgens, 3, 3, 1, 6, .333, 31, 1, 1, 0, 3, 0, 0, 0, 2, 4.0, 
6, Hayley Dotseth, 3, 11, 7, 32, .125, 2, 1, 1, 2, 10, 0, 0, 0, 0, 12.0, 
8, Lauren Sauer, 3, 0, 0, 1, .000, 0, 1, 0, 1, 3, 0, 0, 0, 0, 1.0, 
9, Kristina Susak, 3, 8, 5, 23, .130, 0, 0, 0, 1, 7, 0, 0, 0, 0, 8.0, 
12, Elizabeth Loschen, 3, 6, 2, 17, .235, 0, 0, 0, 0, 0, 0, 2, 0, 0, 7.0, 
14, Lolo Weideman, 2, 0, 0, 0, .000, 0, 1, 0, 0, 1, 0, 0, 0, 0, 1.0, 
15, Anne Rasmussen, 3, 0, 0, 0, .000, 2, 0, 0, 0, 15, 0, 0, 0, 0, 0.0, 
16, Mehana Fonseca, 3, 0, 0, 0, .000, 1, 0, 1, 0, 0, 0, 0, 0, 0, 0.0, 
17, Emily Grathoff, 1, 1, 1, 3, .000, 0, 0, 0, 0, 0, 0, 1, 0, 0, 1.5, 
Totals, 38, 19, 107, .178, 36, 4, 3, 4, 42, 0, 4, 0, 2, 44.0, 
~
Central Ark., 
, -- Attack --, , -- Serve --, , -- Block --, , , 
#, Player, SP, K, E, TA, K%, A, SA, SE, RE, DIGS, BS, BA, BE, BHE, PTS, 
1, Tippett, Haley, 3, 14, 2, 29, .414, 3, 0, 0, 0, 9, 0, 0, 0, 0, 14.0, 
2, Doss, Emily, 3, 0, 0, 0, .000, 3, 1, 0, 0, 10, 0, 0, 0, 0, 1.0, 
3, Allen, Savanah, 3, 6, 1, 13, .385, 0, 0, 0, 0, 1, 0, 1, 0, 0, 6.5, 
4, Dimon, Amanda, 3, 0, 0, 0, .000, 3, 1, 1, 1, 8, 0, 0, 0, 0, 1.0, 
5, Anderson, Samantha, 3, 9, 3, 22, .273, 0, 0, 0, 0, 1, 0, 1, 0, 0, 9.5, 
7, Mitchell, Amari, 3, 6, 1, 11, .455, 0, 1, 0, 0, 0, 0, 3, 0, 0, 8.5, 
8, Jefferis, Rayna, 3, 0, 0, 0, .000, 0, 1, 2, 2, 6, 0, 0, 0, 0, 1.0, 
9, Waddington, Bailey, 1, 0, 0, 0, .000, 0, 0, 0, 0, 0, 0, 0, 0, 0, 0.0, 
16, Armstrong, Elizabeth, 3, 2, 1, 4, .250, 34, 0, 3, 0, 10, 0, 1, 0, 1, 2.5, 
17, Harry, Abbie, 3, 10, 2, 28, .286, 0, 0, 0, 0, 0, 0, 2, 0, 0, 11.0, 
TM, TEAM, 1, 0, 0, 0, .000, 0, 0, 0, 1, 0, 0, 0, 0, 0, 0.0, 
Totals, 47, 10, 107, .346, 43, 4, 6, 4, 45, 0, 8, 0, 1, 55.0, 
~
