Final, 1, 2, 3, 4, Score, 
Purdue Fort Wayne (16-12, 7-7 SL), 25, 21, 25, 25, 3, 
North Dakota State (7-18, 5-9 SL), 19, 25, 23, 23, 1, 
~
Purdue Fort Wayne, 
, -- Attack --, , -- Serve --, , -- Block --, , , 
#, Player, SP, K, E, TA, K%, A, SA, SE, RE, DIGS, BS, BA, BE, BHE, PTS, 
1, Madison Jaqua, 4, 0, 0, 1, .000, 35, 2, 1, 0, 6, 0, 0, 0, 0, 2.0, 
2, Julia Wayer, 1, 0, 0, 0, .000, 0, 0, 0, 0, 1, 0, 0, 0, 0, 0.0, 
3, Elizabeth Britner, 4, 0, 0, 0, .000, 2, 0, 3, 0, 20, 0, 0, 0, 0, 0.0, 
4, Victoria Mills, 4, 0, 0, 0, .000, 20, 0, 2, 0, 2, 0, 0, 1, 2, 0.0, 
5, Je'Bria Green, 4, 10, 2, 21, .381, 0, 0, 0, 0, 5, 0, 3, 1, 1, 11.5, 
8, Elizabeth Fuerst, 4, 14, 2, 29, .414, 0, 0, 0, 0, 1, 1, 1, 0, 0, 15.5, 
9, Katie Crowe, 4, 2, 3, 15, -.067, 1, 0, 2, 3, 10, 0, 2, 1, 0, 3.0, 
13, Sydney Boerst, 4, 16, 2, 24, .583, 0, 0, 1, 0, 3, 1, 3, 1, 1, 18.5, 
14, Madelyn Wurster, 4, 14, 5, 36, .250, 0, 0, 0, 0, 1, 0, 0, 1, 0, 14.0, 
24, Nicole Rightnowar, 4, 10, 7, 30, .100, 0, 1, 0, 2, 12, 0, 3, 0, 0, 12.5, 
Totals, 66, 21, 156, .288, 58, 3, 9, 5, 61, 2, 12, 5, 4, 77.0, 
~
North Dakota State, 
, -- Attack --, , -- Serve --, , -- Block --, , , 
#, Player, SP, K, E, TA, K%, A, SA, SE, RE, DIGS, BS, BA, BE, BHE, PTS, 
1, Kirstin Tidd, 3, 6, 0, 9, .667, 0, 0, 0, 0, 0, 0, 2, 1, 0, 7.0, 
2, Allie Mauch, 4, 11, 2, 25, .360, 0, 0, 0, 0, 3, 0, 2, 0, 0, 12.0, 
4, Ally Murphy, 1, 1, 2, 6, -.167, 0, 0, 0, 0, 0, 0, 0, 0, 0, 1.0, 
5, McKenzie Burke, 4, 15, 8, 43, .163, 0, 0, 1, 1, 9, 0, 2, 0, 0, 16.0, 
6, Alex Erickson, 3, 0, 0, 0, .000, 0, 1, 2, 0, 6, 0, 0, 0, 0, 1.0, 
7, Abbi Klos, 4, 0, 0, 0, .000, 4, 1, 0, 2, 12, 0, 0, 0, 0, 1.0, 
8, Bella Lien, 2, 1, 1, 7, .000, 0, 0, 0, 0, 0, 0, 2, 2, 0, 2.0, 
9, Emily Halverson, 4, 7, 2, 23, .217, 0, 0, 0, 0, 0, 0, 5, 0, 0, 9.5, 
11, Paige Schaffer, 3, 0, 0, 0, .000, 1, 0, 1, 0, 1, 0, 0, 0, 0, 0.0, 
12, Kaylee Hanger, 1, 0, 0, 0, .000, 0, 0, 0, 0, 1, 0, 0, 0, 0, 0.0, 
13, Alexis Bachmeier, 4, 4, 6, 22, -.091, 0, 2, 1, 0, 18, 1, 3, 0, 0, 8.5, 
16, Kalli Hegerle, 4, 3, 1, 6, .333, 38, 1, 0, 0, 9, 0, 3, 2, 0, 5.5, 
TM, TEAM, 1, 0, 0, 0, .000, 0, 0, 0, 0, 0, 0, 0, 0, 0, 0.0, 
Totals, 48, 22, 141, .184, 43, 5, 5, 3, 59, 1, 19, 5, 0, 63.5, 
~
