Final, 1, 2, 3, Score, 
South Dakota State (3-14, 0-4 Summit), 22, 14, 20, 0, 
North Dakota (12-8, 4-1 Summit), 25, 25, 25, 3, 
~
South Dakota State, 
, -- Attack --, , -- Serve --, , -- Block --, , , 
#, Player, SP, K, E, TA, K%, A, SA, SE, RE, DIGS, BS, BA, BE, BHE, PTS, 
1, Sierra Peterson, 3, 6, 2, 15, .267, 0, 0, 0, 0, 1, 0, 2, 1, 0, 7.0, 
2, Kari Brucker, 3, 0, 0, 1, .000, 0, 0, 0, 1, 8, 0, 0, 0, 0, 0.0, 
3, Makenzie Hennen, 3, 5, 5, 22, .000, 2, 0, 1, 2, 9, 0, 0, 0, 0, 5.0, 
4, Ashlynn Smith, 3, 12, 6, 29, .207, 0, 0, 1, 2, 8, 0, 2, 1, 0, 13.0, 
5, Kasey Brower, 3, 0, 0, 1, .000, 3, 0, 1, 0, 8, 0, 0, 0, 0, 0.0, 
7, Mattison Munger, 1, 0, 0, 0, .000, 0, 0, 0, 0, 2, 0, 0, 0, 0, 0.0, 
9, Crystal Burk, 3, 2, 2, 8, .000, 0, 0, 0, 0, 2, 0, 0, 1, 0, 2.0, 
11, Payton Richardson, 3, 5, 0, 11, .455, 0, 0, 0, 0, 0, 0, 3, 0, 0, 6.5, 
12, Ellie Thein, 2, 0, 0, 0, .000, 0, 0, 0, 0, 0, 0, 0, 0, 0, 0.0, 
15, Sydney Andrews, 3, 6, 2, 15, .267, 0, 1, 1, 0, 0, 0, 4, 1, 0, 9.0, 
18, Maddie Fay, 3, 1, 2, 5, -.200, 27, 0, 1, 0, 6, 0, 3, 0, 0, 2.5, 
TM, TEAM, 1, 0, 0, 0, .000, 0, 0, 0, 0, 0, 0, 0, 0, 0, 0.0, 
Totals, 37, 19, 107, .168, 32, 1, 5, 5, 44, 0, 14, 4, 0, 45.0, 
~
North Dakota, 
, -- Attack --, , -- Serve --, , -- Block --, , , 
#, Player, SP, K, E, TA, K%, A, SA, SE, RE, DIGS, BS, BA, BE, BHE, PTS, 
0, Kayla Williams, 3, 9, 2, 24, .292, 0, 0, 0, 1, 12, 0, 0, 0, 0, 9.0, 
2, Brynn Nieukirk, 3, 7, 4, 25, .120, 0, 0, 0, 0, 3, 0, 2, 0, 0, 8.0, 
4, Taliyah Flores, 3, 0, 0, 0, .000, 0, 0, 0, 0, 15, 0, 0, 0, 0, 0.0, 
5, Alivia Fraase, 3, 0, 0, 0, .000, 1, 2, 0, 0, 4, 0, 0, 0, 0, 2.0, 
8, Lydia Rutten, 3, 7, 0, 16, .438, 1, 1, 1, 0, 1, 0, 1, 0, 0, 8.5, 
9, Roosa Rautio, 3, 2, 0, 4, .500, 39, 0, 0, 0, 4, 0, 1, 1, 0, 2.5, 
12, Jordan Vail, 3, 10, 4, 18, .333, 0, 0, 0, 0, 1, 0, 4, 1, 0, 12.0, 
14, Kelly Wahl, 1, 0, 0, 0, .000, 0, 0, 0, 0, 0, 0, 0, 0, 0, 0.0, 
15, Taylor Riedl, 1, 0, 0, 0, .000, 0, 0, 0, 0, 0, 1, 0, 0, 0, 1.0, 
16, Maggie Smith, 1, 0, 0, 0, .000, 0, 0, 0, 0, 0, 0, 0, 0, 0, 0.0, 
17, Tamika Brekke, 3, 0, 0, 0, .000, 1, 2, 1, 0, 6, 0, 0, 0, 0, 2.0, 
18, Ashley Brueggeman, 3, 9, 3, 21, .286, 1, 0, 0, 0, 3, 0, 2, 0, 0, 10.0, 
Totals, 44, 13, 108, .287, 43, 5, 2, 1, 49, 1, 10, 2, 0, 55.0, 
~
