Final, 1, 2, 3, Score, 
South Dakota (11-7, 5-1), 25, 25, 25, 3, 
South Dakota State (3-15, 0-5), 21, 17, 13, 0, 
~
South Dakota, 
, -- Attack --, , -- Serve --, , -- Block --, , , 
#, Player, SP, K, E, TA, K%, A, SA, SE, RE, DIGS, BS, BA, BE, BHE, PTS, 
3, Taylor Wilson, 3, 14, 2, 21, .571, 2, 3, 1, 0, 3, 1, 3, 0, 0, 19.5, 
4, Madison Jurgens, 3, 3, 1, 7, .286, 36, 0, 1, 0, 7, 1, 0, 0, 0, 4.0, 
5, Jenna Wagemester, 2, 1, 0, 8, .125, 0, 0, 0, 0, 1, 0, 0, 0, 0, 1.0, 
6, Hayley Dotseth, 3, 16, 4, 35, .343, 0, 0, 0, 0, 9, 0, 4, 0, 0, 18.0, 
8, Lauren Sauer, 2, 0, 0, 0, .000, 0, 1, 0, 0, 1, 0, 0, 0, 0, 1.0, 
9, Kristina Susak, 2, 0, 2, 6, -.333, 2, 0, 0, 0, 2, 0, 0, 0, 0, 0.0, 
12, Elizabeth Loschen, 3, 8, 4, 23, .174, 0, 0, 0, 0, 1, 0, 3, 0, 0, 9.5, 
14, Lolo Weideman, 3, 0, 0, 1, .000, 1, 1, 1, 0, 3, 0, 0, 0, 0, 1.0, 
15, Anne Rasmussen, 3, 0, 0, 0, .000, 1, 1, 1, 0, 16, 0, 0, 0, 0, 1.0, 
16, Mehana Fonseca, 3, 0, 0, 0, .000, 1, 2, 2, 2, 7, 0, 0, 0, 0, 2.0, 
17, Emily Grathoff, 3, 3, 1, 10, .200, 0, 0, 0, 0, 1, 0, 3, 1, 0, 4.5, 
TM, TEAM, 1, 0, 0, 0, .000, 0, 0, 0, 1, 0, 0, 0, 0, 0, 0.0, 
Totals, 45, 14, 111, .279, 43, 8, 6, 3, 51, 2, 13, 1, 0, 61.5, 
~
South Dakota State, 
, -- Attack --, , -- Serve --, , -- Block --, , , 
#, Player, SP, K, E, TA, K%, A, SA, SE, RE, DIGS, BS, BA, BE, BHE, PTS, 
1, Sierra Peterson, 3, 2, 2, 15, .000, 0, 0, 0, 0, 3, 0, 1, 0, 0, 2.5, 
2, Kari Brucker, 3, 0, 0, 0, .000, 0, 0, 0, 0, 4, 0, 0, 0, 0, 0.0, 
3, Makenzie Hennen, 3, 9, 5, 31, .129, 0, 2, 1, 1, 9, 1, 0, 1, 0, 12.0, 
4, Ashlynn Smith, 3, 6, 5, 25, .040, 1, 0, 0, 2, 3, 0, 1, 0, 0, 6.5, 
5, Kasey Brower, 3, 0, 0, 0, .000, 2, 0, 0, 2, 2, 0, 0, 0, 0, 0.0, 
7, Mattison Munger, 1, 0, 0, 0, .000, 1, 0, 0, 0, 1, 0, 0, 0, 0, 0.0, 
9, Crystal Burk, 3, 2, 0, 7, .286, 0, 0, 0, 2, 1, 0, 1, 0, 0, 2.5, 
11, Payton Richardson, 3, 2, 4, 9, -.222, 0, 0, 0, 0, 0, 1, 4, 0, 0, 5.0, 
12, Ellie Thein, 3, 0, 0, 1, .000, 1, 0, 1, 0, 11, 0, 0, 0, 0, 0.0, 
15, Sydney Andrews, 3, 6, 2, 14, .286, 0, 0, 1, 0, 1, 0, 2, 0, 0, 7.0, 
18, Maddie Fay, 3, 1, 0, 2, .500, 22, 1, 1, 0, 5, 0, 3, 0, 0, 3.5, 
TM, TEAM, 1, 0, 0, 0, .000, 0, 0, 0, 1, 0, 0, 0, 0, 0, 0.0, 
Totals, 28, 18, 104, .096, 27, 3, 4, 8, 40, 2, 12, 1, 0, 39.0, 
~
