Final, 1, 2, 3, 4, 5, Score, 
North Dakota State (2-12, 0-3 Summit), 22, 20, 25, 26, 9, 2, 
North Dakota (10-8, 2-1 Summit), 25, 25, 18, 24, 15, 3, 
~
North Dakota State, 
, -- Attack --, , -- Serve --, , -- Block --, , , 
#, Player, SP, K, E, TA, K%, A, SA, SE, RE, DIGS, BS, BA, BE, BHE, PTS, 
2, Allie Mauch, 5, 19, 8, 51, .216, 0, 0, 0, 0, 4, 1, 1, 0, 0, 20.5, 
5, McKenzie Burke, 5, 14, 10, 48, .083, 0, 2, 1, 1, 15, 0, 0, 0, 0, 16.0, 
7, Abbi Klos, 5, 0, 0, 0, .000, 1, 5, 0, 0, 22, 0, 0, 0, 0, 5.0, 
8, Bella Lien, 5, 5, 2, 14, .214, 0, 0, 0, 0, 1, 0, 4, 0, 0, 7.0, 
9, Emily Halverson, 5, 8, 2, 24, .250, 0, 0, 0, 0, 6, 2, 2, 0, 0, 11.0, 
12, Kaylee Hanger, 5, 0, 0, 1, .000, 0, 1, 2, 0, 12, 0, 0, 0, 0, 1.0, 
13, Alexis Bachmeier, 5, 9, 1, 32, .250, 0, 0, 0, 2, 12, 0, 3, 0, 0, 10.5, 
16, Kalli Hegerle, 5, 1, 2, 11, -.091, 46, 1, 2, 0, 15, 0, 2, 1, 0, 3.0, 
TM, TEAM, 2, 0, 0, 0, .000, 0, 0, 0, 2, 0, 0, 0, 0, 0, 0.0, 
Totals, 56, 25, 181, .171, 47, 9, 5, 5, 87, 3, 12, 1, 0, 74.0, 
~
North Dakota, 
, -- Attack --, , -- Serve --, , -- Block --, , , 
#, Player, SP, K, E, TA, K%, A, SA, SE, RE, DIGS, BS, BA, BE, BHE, PTS, 
0, Kayla Williams, 5, 10, 7, 38, .079, 0, 0, 1, 4, 14, 0, 2, 0, 0, 11.0, 
2, Brynn Nieukirk, 5, 18, 5, 49, .265, 0, 0, 0, 0, 3, 2, 1, 0, 0, 20.5, 
4, Taliyah Flores, 5, 0, 0, 0, .000, 2, 1, 3, 0, 30, 0, 0, 0, 0, 1.0, 
5, Alivia Fraase, 5, 0, 0, 0, .000, 0, 1, 0, 3, 12, 0, 0, 0, 0, 1.0, 
8, Lydia Rutten, 5, 11, 4, 27, .259, 0, 1, 4, 0, 1, 0, 4, 0, 0, 14.0, 
9, Roosa Rautio, 5, 0, 0, 4, .000, 61, 2, 1, 0, 6, 0, 0, 1, 0, 2.0, 
12, Jordan Vail, 5, 19, 2, 30, .567, 0, 0, 0, 0, 1, 2, 4, 0, 0, 23.0, 
16, Maggie Smith, 2, 1, 0, 1, 1.000, 0, 0, 0, 1, 2, 0, 0, 0, 0, 1.0, 
17, Tamika Brekke, 5, 0, 0, 0, .000, 0, 0, 4, 1, 17, 0, 0, 0, 0, 0.0, 
18, Ashley Brueggeman, 5, 10, 4, 33, .182, 0, 0, 0, 0, 6, 0, 5, 0, 0, 12.5, 
TM, TEAM, 1, 0, 0, 0, .000, 0, 0, 0, 0, 0, 0, 0, 0, 0, 0.0, 
Totals, 69, 22, 182, .258, 63, 5, 13, 9, 92, 4, 16, 1, 0, 86.0, 
~
