Final, 1, 2, 3, Score, 
Oral Roberts (1-3), 18, 16, 19, 0, 
Missouri St. (1-3), 25, 25, 25, 3, 
~
Oral Roberts, 
, -- Attack --, , -- Serve --, , -- Block --, , , 
#, Player, SP, K, E, TA, K%, A, SA, SE, RE, DIGS, BS, BA, BE, BHE, PTS, 
1, Tori Roe, 3, 0, 0, 0, .000, 3, 0, 0, 1, 16, 0, 0, 0, 0, 0.0, 
6, Inka Inkret, 3, 2, 8, 26, -.231, 0, 0, 0, 0, 5, 0, 2, 0, 0, 3.0, 
10, Bria Bergman, 3, 0, 0, 4, .000, 23, 1, 0, 0, 8, 0, 2, 0, 0, 2.0, 
11, Taylan Nero, 3, 3, 2, 16, .062, 1, 0, 0, 0, 1, 0, 3, 0, 0, 4.5, 
12, Bri Greenlee, 1, 3, 2, 10, .100, 0, 0, 0, 0, 1, 0, 1, 0, 0, 3.5, 
13, Sarah Thiessen, 3, 0, 0, 0, .000, 0, 0, 0, 1, 2, 0, 0, 0, 0, 0.0, 
14, Katarina Mikulic, 3, 0, 0, 0, .000, 0, 1, 0, 0, 5, 0, 0, 0, 0, 1.0, 
15, Morgan Blomquist, 3, 3, 1, 9, .222, 0, 0, 0, 0, 3, 1, 2, 0, 0, 5.0, 
16, Lara Picht, 3, 10, 4, 39, .154, 0, 0, 0, 0, 1, 0, 0, 1, 0, 10.0, 
17, CeCe Madison, 3, 7, 12, 36, -.139, 0, 0, 4, 0, 14, 0, 0, 0, 0, 7.0, 
TM, TEAM, 1, 0, 0, 0, .000, 0, 0, 0, 1, 0, 0, 0, 0, 0, 0.0, 
Totals, 28, 29, 140, -.007, 27, 2, 4, 3, 56, 1, 10, 1, 0, 36.0, 
~
Missouri St., 
, -- Attack --, , -- Serve --, , -- Block --, , , 
#, Player, SP, K, E, TA, K%, A, SA, SE, RE, DIGS, BS, BA, BE, BHE, PTS, 
1, Vokolek,Leah, 2, 0, 0, 0, .000, 0, 0, 0, 0, 2, 0, 0, 0, 0, 0.0, 
5, Rear,Chloe, 3, 0, 1, 4, -.250, 18, 1, 0, 0, 8, 0, 0, 0, 0, 1.0, 
6, Wratten,Makina, 3, 5, 3, 15, .133, 0, 0, 0, 0, 0, 0, 5, 1, 0, 7.5, 
7, Dake,Laynie, 3, 7, 1, 10, .600, 0, 0, 2, 1, 6, 0, 2, 0, 0, 8.0, 
8, Butters,Emily, 3, 0, 0, 0, .000, 5, 0, 0, 0, 26, 0, 0, 0, 0, 0.0, 
10, Cheffey,Aubrey, 3, 5, 1, 15, .267, 1, 0, 0, 0, 0, 0, 3, 0, 0, 6.5, 
11, Ophoven,Ashley, 1, 1, 1, 4, .000, 0, 0, 0, 0, 0, 0, 0, 0, 0, 1.0, 
13, Idos,Gerri, 3, 0, 0, 0, .000, 1, 1, 0, 0, 10, 0, 0, 0, 0, 1.0, 
14, Irwin,MacKenzie, 3, 4, 1, 15, .200, 0, 0, 0, 0, 1, 0, 1, 1, 0, 4.5, 
22, Messa,Daniele, 3, 1, 0, 2, .500, 12, 1, 2, 0, 9, 0, 0, 0, 2, 2.0, 
23, Villarreal,Cambree, 3, 4, 2, 16, .125, 0, 0, 0, 0, 2, 1, 1, 0, 0, 5.5, 
24, Flynn,Amelia, 3, 12, 5, 37, .189, 0, 0, 1, 1, 8, 0, 2, 0, 0, 13.0, 
Totals, 39, 15, 118, .203, 37, 3, 5, 2, 72, 1, 14, 2, 2, 50.0, 
~
