4th, 1, 2, 3, 4, Score, 
Austin Peay (1-0), 25, 26, 22, 25, 3, 
South Dakota State (0-1), 21, 24, 25, 17, 1, 
~
Austin Peay, 
, -- Attack --, , -- Serve --, , -- Block --, , , 
#, Player, SP, K, E, TA, K%, A, SA, SE, RE, DIGS, BS, BA, BE, BHE, PTS, 
1, CARGER, Logan, 4, 8, 4, 14, .286, 0, 0, 0, 0, 3, 0, 1, 0, 0, 8.5, 
3, MOORE, Brooke, 4, 7, 6, 19, .053, 1, 1, 1, 1, 6, 0, 0, 0, 0, 8.0, 
4, STITT, Chloe, 2, 5, 1, 18, .222, 0, 0, 0, 0, 3, 0, 0, 0, 0, 5.0, 
9, KINLEY, Jaymenson, 4, 0, 0, 1, .000, 8, 0, 0, 4, 16, 0, 0, 0, 0, 0.0, 
10, PANNING, Jenna, 4, 11, 4, 19, .368, 0, 0, 0, 0, 0, 1, 3, 0, 0, 13.5, 
12, TAFF, Kaylee, 3, 1, 0, 2, .500, 0, 0, 1, 0, 1, 0, 1, 0, 0, 1.5, 
13, GABLE, Cecily, 4, 17, 8, 41, .220, 0, 0, 0, 0, 9, 0, 2, 0, 0, 18.0, 
23, KORFHAGE, Nina, 4, 0, 0, 0, .000, 1, 1, 2, 0, 7, 0, 0, 0, 0, 1.0, 
29, STUCKER, Kristen, 4, 5, 0, 8, .625, 48, 1, 1, 0, 13, 0, 3, 0, 0, 7.5, 
31, GRAHAM, Karli, 3, 6, 2, 12, .333, 0, 0, 2, 0, 1, 2, 4, 1, 0, 10.0, 
TM, Team, 1, 0, 0, 0, .000, 0, 0, 0, 1, 0, 0, 0, 0, 0, 0.0, 
Totals, 60, 25, 134, .261, 58, 3, 7, 6, 59, 3, 14, 1, 0, 73.0, 
~
South Dakota State, 
, -- Attack --, , -- Serve --, , -- Block --, , , 
#, Player, SP, K, E, TA, K%, A, SA, SE, RE, DIGS, BS, BA, BE, BHE, PTS, 
1, Sierra Peterson, 4, 3, 1, 11, .182, 0, 0, 0, 0, 1, 1, 1, 0, 0, 4.5, 
2, Kari Brucker, 4, 0, 0, 0, .000, 1, 0, 2, 1, 4, 0, 0, 0, 0, 0.0, 
3, Makenzie Hennen, 4, 11, 11, 41, .000, 0, 0, 0, 0, 14, 2, 0, 0, 0, 13.0, 
4, Ashlynn Smith, 4, 10, 4, 22, .273, 0, 0, 3, 0, 0, 0, 2, 0, 0, 11.0, 
9, Crystal Burk, 4, 9, 4, 34, .147, 1, 4, 4, 2, 7, 0, 1, 0, 0, 13.5, 
12, Ellie Thein, 4, 0, 0, 0, .000, 0, 1, 0, 0, 8, 0, 0, 0, 0, 1.0, 
15, Sydney Andrews, 4, 13, 5, 26, .308, 0, 0, 0, 0, 2, 0, 1, 0, 0, 13.5, 
18, Maddie Fay, 4, 2, 1, 8, .125, 41, 1, 0, 0, 9, 0, 1, 0, 0, 3.5, 
TM, TEAM, 1, 0, 0, 0, .000, 0, 0, 0, 0, 0, 0, 0, 0, 0, 0.0, 
Totals, 48, 26, 142, .155, 43, 6, 9, 3, 45, 3, 6, 0, 0, 60.0, 
~
