Final, 1, 2, 3, 4, Score, 
Western Illinois (2-24, 1-12 SL), 26, 23, 25, 25, 3, 
North Dakota State (7-17, 5-8 SL), 24, 25, 21, 19, 1, 
~
Western Illinois, 
, -- Attack --, , -- Serve --, , -- Block --, , , 
#, Player, SP, K, E, TA, K%, A, SA, SE, RE, DIGS, BS, BA, BE, BHE, PTS, 
2, Aleezah Washington, 1, 0, 0, 0, .000, 0, 0, 0, 0, 0, 0, 1, 0, 0, 0.5, 
3, Shiah Sanders, 4, 12, 4, 27, .296, 1, 0, 0, 0, 0, 0, 4, 0, 0, 14.0, 
5, Jaime Johnson, 4, 0, 0, 4, .000, 30, 6, 1, 0, 7, 0, 0, 0, 0, 6.0, 
6, Mariah Mitchell, 3, 8, 3, 15, .333, 0, 0, 0, 0, 1, 0, 1, 0, 0, 8.5, 
7, Melanie Patenaude, 4, 7, 5, 31, .065, 1, 0, 3, 4, 8, 0, 2, 0, 0, 8.0, 
8, Claire Grove, 4, 0, 0, 0, .000, 2, 3, 0, 1, 28, 0, 0, 0, 0, 3.0, 
12, Erika Moore, 3, 0, 0, 0, .000, 0, 0, 0, 1, 2, 0, 0, 0, 0, 0.0, 
14, Cassie Hunt, 4, 0, 0, 1, .000, 14, 1, 2, 0, 8, 0, 0, 0, 2, 1.0, 
15, Mackenzie Steckler, 4, 12, 3, 24, .375, 0, 0, 0, 0, 0, 0, 5, 3, 0, 14.5, 
21, Madeline Dieter, 4, 7, 3, 22, .182, 0, 2, 3, 0, 0, 2, 4, 0, 0, 13.0, 
24, Emma Norris, 4, 8, 7, 26, .038, 0, 1, 1, 1, 7, 0, 1, 0, 0, 9.5, 
Totals, 54, 25, 150, .193, 48, 13, 10, 7, 61, 2, 18, 3, 2, 78.0, 
~
North Dakota State, 
, -- Attack --, , -- Serve --, , -- Block --, , , 
#, Player, SP, K, E, TA, K%, A, SA, SE, RE, DIGS, BS, BA, BE, BHE, PTS, 
2, Allie Mauch, 4, 9, 8, 28, .036, 0, 0, 0, 0, 4, 0, 1, 0, 0, 9.5, 
4, Ally Murphy, 2, 2, 0, 3, .667, 0, 0, 1, 1, 1, 0, 0, 0, 0, 2.0, 
5, McKenzie Burke, 4, 3, 5, 27, -.074, 0, 2, 0, 4, 10, 1, 1, 0, 0, 6.5, 
6, Alex Erickson, 1, 0, 0, 6, .000, 0, 1, 0, 0, 0, 0, 0, 0, 0, 1.0, 
7, Abbi Klos, 4, 0, 0, 0, .000, 2, 1, 0, 0, 11, 0, 0, 0, 0, 1.0, 
8, Bella Lien, 4, 6, 1, 11, .455, 0, 0, 0, 0, 0, 0, 4, 0, 1, 8.0, 
9, Emily Halverson, 4, 10, 4, 21, .286, 0, 1, 1, 0, 2, 0, 6, 1, 0, 14.0, 
10, Maggie Steffen, 1, 0, 0, 0, .000, 0, 0, 0, 0, 0, 0, 0, 0, 0, 0.0, 
12, Kaylee Hanger, 4, 0, 0, 0, .000, 1, 1, 2, 1, 8, 0, 0, 0, 0, 1.0, 
13, Alexis Bachmeier, 4, 12, 4, 32, .250, 1, 0, 1, 6, 14, 1, 6, 0, 0, 16.0, 
16, Kalli Hegerle, 4, 2, 2, 6, .000, 34, 1, 1, 1, 7, 0, 2, 0, 1, 4.0, 
TM, TEAM, 1, 0, 0, 0, .000, 0, 0, 0, 0, 0, 0, 0, 0, 0, 0.0, 
Totals, 44, 24, 134, .149, 38, 7, 6, 13, 57, 2, 20, 1, 2, 63.0, 
~
