Final, 1, 2, 3, 4, Score, 
Purdue Fort Wayne (9-4), 28, 25, 15, 25, 3, 
Robert Morris (6-8), 26, 23, 25, 16, 1, 
~
Purdue Fort Wayne, 
, -- Attack --, , -- Serve --, , -- Block --, , , 
#, Player, SP, K, E, TA, K%, A, SA, SE, RE, DIGS, BS, BA, BE, BHE, PTS, 
1, Madison Jaqua, 4, 1, 0, 1, 1.000, 32, 0, 1, 0, 6, 0, 0, 0, 0, 1.0, 
2, Julia Wayer, 2, 0, 0, 0, .000, 0, 0, 0, 0, 0, 0, 0, 0, 0, 0.0, 
3, Elizabeth Britner, 4, 0, 0, 0, .000, 1, 1, 2, 1, 12, 0, 0, 0, 0, 1.0, 
4, Victoria Mills, 4, 0, 0, 0, .000, 12, 0, 2, 1, 7, 0, 0, 0, 1, 0.0, 
5, Je'Bria Green, 2, 1, 2, 4, -.250, 0, 0, 0, 0, 0, 0, 2, 1, 0, 2.0, 
8, Elizabeth Fuerst, 4, 11, 5, 26, .231, 0, 0, 0, 0, 5, 0, 5, 0, 0, 13.5, 
9, Katie Crowe, 4, 7, 7, 24, .000, 1, 1, 3, 1, 8, 0, 3, 0, 0, 9.5, 
10, Sandra Hoevels, 3, 3, 1, 8, .250, 0, 0, 0, 0, 0, 0, 7, 0, 0, 6.5, 
13, Sydney Boerst, 4, 7, 2, 12, .417, 0, 1, 2, 0, 1, 0, 1, 0, 0, 8.5, 
14, Madelyn Wurster, 4, 7, 1, 12, .500, 0, 0, 0, 0, 0, 0, 1, 0, 0, 7.5, 
24, Nicole Rightnowar, 4, 13, 8, 38, .132, 1, 1, 1, 1, 8, 0, 1, 0, 0, 14.5, 
Totals, 50, 26, 125, .192, 47, 4, 11, 4, 47, 0, 20, 1, 1, 64.0, 
~
Robert Morris, 
, -- Attack --, , -- Serve --, , -- Block --, , , 
#, Player, SP, K, E, TA, K%, A, SA, SE, RE, DIGS, BS, BA, BE, BHE, PTS, 
1, Nikolette Zanolli, 4, 0, 0, 0, .000, 1, 0, 0, 1, 4, 0, 0, 0, 0, 0.0, 
2, Alyson Londot, 4, 6, 6, 24, .000, 1, 0, 0, 0, 1, 0, 2, 1, 0, 7.0, 
3, Erika Wilt, 4, 0, 0, 2, .000, 0, 0, 0, 2, 4, 0, 0, 0, 0, 0.0, 
5, Whitney Brown, 4, 2, 3, 9, -.111, 39, 0, 1, 0, 8, 0, 3, 1, 0, 3.5, 
6, Skylar Clements, 4, 8, 2, 18, .333, 0, 0, 0, 0, 1, 0, 2, 1, 0, 9.0, 
8, Emma Granger, 4, 16, 4, 26, .462, 0, 1, 4, 0, 2, 0, 4, 1, 0, 19.0, 
9, Alyssa Hudak, 4, 4, 6, 17, -.118, 1, 1, 0, 0, 4, 0, 0, 0, 0, 5.0, 
10, Allie Yurkovich, 4, 0, 0, 0, .000, 3, 1, 3, 0, 12, 0, 0, 0, 0, 1.0, 
14, Taylor Lord, 4, 1, 3, 6, -.333, 1, 1, 0, 1, 6, 0, 0, 0, 0, 2.0, 
17, Mirna Sarjanovic, 4, 10, 4, 26, .231, 0, 0, 0, 0, 2, 0, 1, 0, 0, 10.5, 
Totals, 47, 28, 128, .148, 46, 4, 8, 4, 44, 0, 12, 4, 0, 57.0, 
~
