Final, 1, 2, 3, 4, Score, 
North Dakota (13-11, 5-3 SL), 25, 25, 12, 25, 3, 
North Dakota State (5-14, 3-5 SL), 22, 22, 25, 16, 1, 
~
North Dakota, 
, -- Attack --, , -- Serve --, , -- Block --, , , 
#, Player, SP, K, E, TA, K%, A, SA, SE, RE, DIGS, BS, BA, BE, BHE, PTS, 
0, Kayla Williams, 4, 17, 5, 45, .267, 0, 0, 0, 2, 1, 0, 0, 0, 0, 17.0, 
1, Darian Chwialkowski, 4, 8, 4, 28, .143, 0, 0, 1, 2, 16, 0, 2, 0, 0, 9.0, 
4, Taliyah Flores, 4, 0, 0, 0, .000, 1, 0, 0, 0, 38, 0, 0, 0, 0, 0.0, 
5, Alivia Fraase, 4, 0, 0, 0, .000, 2, 2, 1, 0, 5, 0, 0, 0, 0, 2.0, 
7, Lexi Ahrens, 4, 12, 3, 23, .391, 0, 0, 0, 0, 0, 0, 2, 0, 0, 13.0, 
8, Lydia Rutten, 4, 4, 2, 21, .095, 0, 0, 0, 0, 4, 0, 3, 0, 0, 5.5, 
9, Roosa Rautio, 4, 2, 0, 5, .400, 50, 0, 2, 0, 7, 0, 1, 1, 1, 2.5, 
12, Jordan Vail, 4, 13, 2, 30, .367, 0, 0, 0, 0, 1, 1, 2, 0, 0, 15.0, 
16, Maggie Smith, 3, 0, 0, 0, .000, 0, 0, 1, 0, 0, 0, 0, 0, 0, 0.0, 
17, Tamika Brekke, 4, 0, 0, 0, .000, 2, 0, 0, 0, 11, 0, 0, 0, 0, 0.0, 
Totals, 56, 16, 152, .263, 55, 2, 5, 4, 83, 1, 10, 1, 1, 64.0, 
~
North Dakota State, 
, -- Attack --, , -- Serve --, , -- Block --, , , 
#, Player, SP, K, E, TA, K%, A, SA, SE, RE, DIGS, BS, BA, BE, BHE, PTS, 
1, Kirstin Tidd, 2, 3, 1, 8, .250, 0, 0, 0, 0, 0, 0, 1, 0, 0, 3.5, 
2, Allie Mauch, 4, 15, 6, 35, .257, 0, 0, 0, 0, 3, 0, 3, 0, 0, 16.5, 
5, McKenzie Burke, 4, 16, 11, 63, .079, 0, 2, 0, 2, 11, 0, 0, 0, 0, 18.0, 
6, Alex Erickson, 1, 0, 0, 0, .000, 0, 0, 0, 0, 0, 0, 0, 0, 0, 0.0, 
7, Abbi Klos, 4, 0, 0, 0, .000, 2, 0, 0, 0, 19, 0, 0, 0, 0, 0.0, 
8, Bella Lien, 2, 1, 1, 8, .000, 0, 0, 0, 0, 0, 0, 2, 0, 0, 2.0, 
9, Emily Halverson, 4, 14, 3, 26, .423, 0, 0, 1, 0, 4, 0, 1, 0, 0, 14.5, 
11, Paige Schaffer, 1, 0, 0, 0, .000, 0, 0, 2, 0, 0, 0, 0, 0, 0, 0.0, 
12, Kaylee Hanger, 4, 0, 0, 0, .000, 0, 0, 1, 0, 15, 0, 0, 0, 0, 0.0, 
13, Alexis Bachmeier, 4, 9, 2, 28, .250, 1, 2, 0, 0, 8, 0, 0, 0, 0, 11.0, 
16, Kalli Hegerle, 4, 1, 0, 6, .167, 49, 0, 0, 0, 12, 0, 1, 0, 1, 1.5, 
Totals, 59, 24, 174, .201, 52, 4, 4, 2, 72, 0, 8, 0, 1, 67.0, 
~
