Final, 1, 2, 3, Score, 
Western Illinois (1-10), 17, 20, 18, 0, 
Wright St. (7-3), 25, 25, 25, 3, 
~
Western Illinois, 
, -- Attack --, , -- Serve --, , -- Block --, , , 
#, Player, SP, K, E, TA, K%, A, SA, SE, RE, DIGS, BS, BA, BE, BHE, PTS, 
5, Jaime Johnson, 3, 1, 1, 7, .000, 11, 0, 1, 0, 6, 0, 1, 0, 1, 1.5, 
6, Mariah Mitchell, 3, 2, 3, 14, -.071, 1, 0, 1, 0, 4, 0, 0, 1, 0, 2.0, 
7, Melanie Patenaude, 2, 4, 5, 20, -.050, 1, 0, 0, 0, 3, 0, 0, 0, 0, 4.0, 
9, Kaylee Woodard, 1, 1, 0, 1, 1.000, 0, 0, 1, 0, 3, 0, 0, 0, 0, 1.0, 
11, Abby Knoop, 1, 1, 2, 8, -.125, 0, 1, 1, 0, 2, 0, 1, 0, 0, 2.5, 
12, Erika Moore, 3, 0, 0, 0, .000, 0, 1, 1, 0, 10, 0, 0, 0, 0, 1.0, 
14, Cassie Hunt, 1, 4, 0, 7, .571, 4, 2, 1, 0, 2, 0, 0, 0, 0, 6.0, 
15, Mackenzie Steckler, 3, 1, 2, 6, -.167, 0, 0, 0, 0, 0, 0, 0, 0, 0, 1.0, 
17, Riley Schumacher, 2, 0, 0, 6, .000, 0, 0, 1, 0, 0, 0, 1, 0, 0, 0.5, 
19, Hannah Walker, 1, 0, 0, 0, .000, 0, 0, 0, 1, 1, 0, 0, 0, 0, 0.0, 
21, Madeline Dieter, 1, 0, 2, 3, -.667, 0, 0, 0, 0, 0, 0, 1, 0, 0, 0.5, 
23, Jovana Bulatovic, 1, 2, 0, 3, .667, 0, 0, 1, 0, 0, 0, 1, 0, 0, 2.5, 
24, Emma Norris, 3, 6, 1, 21, .238, 1, 0, 1, 1, 9, 0, 1, 0, 0, 6.5, 
TM, TEAM, 1, 0, 0, 0, .000, 0, 0, 0, 1, 0, 0, 0, 0, 0, 0.0, 
Totals, 22, 16, 96, .062, 18, 4, 9, 3, 40, 0, 6, 1, 1, 29.0, 
~
Wright St., 
, -- Attack --, , -- Serve --, , -- Block --, , , 
#, Player, SP, K, E, TA, K%, A, SA, SE, RE, DIGS, BS, BA, BE, BHE, PTS, 
1, Jenna Story, 3, 0, 0, 0, .000, 3, 0, 1, 1, 18, 0, 0, 0, 0, 0.0, 
2, Lainey Stephenson, 3, 6, 3, 20, .150, 33, 0, 2, 0, 9, 0, 0, 0, 0, 6.0, 
4, Ellee Ruskaup, 3, 0, 0, 0, .000, 0, 0, 0, 1, 5, 0, 0, 0, 0, 0.0, 
5, Taylor Gibson, 3, 5, 1, 15, .267, 0, 1, 1, 0, 3, 1, 1, 0, 0, 7.5, 
7, Natalie Santana, 3, 3, 1, 10, .200, 0, 0, 0, 0, 1, 0, 4, 0, 0, 5.0, 
8, Hannah Colvin, 3, 0, 0, 0, .000, 2, 2, 2, 0, 5, 0, 0, 0, 0, 2.0, 
9, Alannah Lemming, 3, 9, 3, 18, .333, 1, 0, 0, 0, 1, 1, 2, 1, 0, 11.0, 
11, Celia Powers, 3, 11, 9, 31, .065, 0, 0, 3, 1, 10, 0, 2, 1, 0, 12.0, 
14, Teddie Sauer, 3, 11, 1, 17, .588, 1, 0, 2, 0, 0, 0, 5, 0, 0, 13.5, 
15, Veerle Van Oosterom, 1, 0, 0, 0, .000, 2, 0, 0, 0, 1, 0, 0, 0, 0, 0.0, 
TM, TEAM, 1, 0, 0, 0, .000, 0, 0, 0, 1, 0, 0, 0, 0, 0, 0.0, 
Totals, 45, 18, 111, .243, 42, 3, 11, 4, 53, 2, 14, 2, 0, 57.0, 
~
