Final, 1, 2, 3, Score, 
North Dakota (0-2), 12, 19, 19, 0, 
Texas Tech (2-0), 25, 25, 25, 3, 
~
North Dakota, 
, -- Attack --, , -- Serve --, , -- Block --, , , 
#, Player, SP, K, E, TA, K%, A, SA, SE, RE, DIGS, BS, BA, BE, BHE, PTS, 
0, Kayla Williams, 3, 7, 3, 31, .129, 0, 1, 1, 3, 7, 0, 1, 0, 0, 8.5, 
2, Brynn Nieukirk, 3, 3, 2, 10, .100, 0, 0, 0, 1, 0, 1, 0, 0, 0, 4.0, 
4, Taliyah Flores, 3, 0, 0, 3, .000, 0, 1, 0, 1, 3, 0, 0, 0, 0, 1.0, 
5, Alivia Fraase, 3, 0, 0, 0, .000, 0, 1, 0, 2, 10, 0, 0, 0, 0, 1.0, 
8, Lydia Rutten, 3, 6, 3, 13, .231, 0, 0, 0, 0, 0, 1, 0, 0, 0, 7.0, 
9, Roosa Rautio, 3, 1, 0, 3, .333, 20, 0, 0, 0, 3, 0, 3, 0, 0, 2.5, 
12, Jordan Vail, 3, 3, 3, 24, .000, 0, 0, 0, 0, 0, 1, 4, 1, 0, 6.0, 
15, Taylor Riedl, 1, 1, 2, 4, -.250, 0, 0, 0, 0, 0, 0, 0, 0, 0, 1.0, 
16, Maggie Smith, 2, 0, 0, 0, .000, 0, 0, 1, 0, 1, 0, 0, 0, 0, 0.0, 
17, Tamika Brekke, 3, 0, 0, 0, .000, 0, 0, 0, 1, 8, 0, 0, 0, 0, 0.0, 
18, Ashley Brueggeman, 3, 2, 4, 11, -.182, 0, 0, 0, 0, 1, 0, 0, 0, 0, 2.0, 
TM, TEAM, 2, 0, 0, 0, .000, 0, 0, 0, 2, 0, 0, 0, 0, 0, 0.0, 
Totals, 23, 17, 99, .061, 20, 3, 2, 10, 33, 3, 8, 1, 0, 33.0, 
~
Texas Tech, 
, -- Attack --, , -- Serve --, , -- Block --, , , 
#, Player, SP, K, E, TA, K%, A, SA, SE, RE, DIGS, BS, BA, BE, BHE, PTS, 
0, Katy Northcut, 1, 0, 0, 0, .000, 0, 0, 1, 0, 4, 0, 0, 0, 0, 0.0, 
1, Haley Harman, 1, 1, 0, 1, 1.000, 0, 0, 0, 0, 1, 0, 0, 0, 0, 1.0, 
2, Kylie Rittimann, 2, 0, 0, 0, .000, 2, 1, 1, 1, 5, 0, 0, 0, 0, 1.0, 
4, Missy Owens, 3, 6, 1, 8, .625, 25, 1, 2, 0, 6, 0, 2, 0, 0, 8.0, 
5, Emerson Solano, 3, 0, 1, 1, -1.000, 2, 2, 1, 1, 16, 0, 0, 0, 0, 2.0, 
8, Hannah Allison, 1, 0, 1, 2, -.500, 0, 0, 0, 0, 0, 0, 0, 0, 0, 0.0, 
9, Allison White, 3, 6, 3, 11, .273, 0, 0, 0, 0, 1, 1, 3, 0, 0, 8.5, 
10, Kiari Gier, 1, 0, 0, 0, .000, 0, 0, 0, 0, 0, 0, 0, 0, 0, 0.0, 
11, Andrea Janss, 2, 2, 0, 5, .400, 0, 0, 0, 0, 0, 0, 2, 0, 0, 3.0, 
12, Katy Keenan, 3, 5, 1, 9, .444, 1, 0, 0, 0, 0, 0, 2, 0, 0, 6.0, 
13, Alex Kirby, 2, 0, 0, 0, .000, 5, 0, 0, 0, 1, 0, 0, 0, 0, 0.0, 
15, Audrey Smith, 1, 0, 0, 0, .000, 0, 0, 0, 0, 1, 0, 0, 0, 0, 0.0, 
16, Emily Hill, 3, 8, 3, 19, .263, 1, 5, 1, 1, 8, 0, 0, 1, 1, 13.0, 
17, Maggie Sagers, 3, 0, 0, 0, .000, 2, 1, 0, 0, 6, 0, 0, 0, 0, 1.0, 
18, Chandler Atwood, 3, 12, 3, 30, .300, 0, 0, 0, 0, 0, 0, 1, 0, 0, 12.5, 
21, Brooke Kanas, 1, 4, 2, 8, .250, 0, 0, 0, 0, 0, 0, 0, 0, 0, 4.0, 
22, Haley Killinger, 1, 0, 2, 3, -.667, 0, 0, 0, 0, 0, 0, 0, 0, 0, 0.0, 
Totals, 44, 17, 97, .278, 38, 10, 6, 3, 49, 1, 10, 1, 1, 60.0, 
~
