Final, 1, 2, 3, 4, 5, Score, 
South Dakota (6-5), 26, 20, 25, 25, 13, 2, 
Montana (3-9), 28, 25, 20, 18, 15, 3, 
~
South Dakota, 
, -- Attack --, , -- Serve --, , -- Block --, , , 
#, Player, SP, K, E, TA, K%, A, SA, SE, RE, DIGS, BS, BA, BE, BHE, PTS, 
2, Claire Gerdes, 5, 2, 3, 7, -.143, 0, 0, 0, 0, 0, 0, 4, 1, 0, 4.0, 
3, Taylor Wilson, 5, 13, 3, 23, .435, 0, 0, 2, 0, 4, 0, 4, 0, 0, 15.0, 
4, Madison Jurgens, 5, 7, 0, 10, .700, 51, 2, 6, 0, 4, 0, 3, 0, 0, 10.5, 
5, Jenna Wagemester, 2, 4, 4, 15, .000, 0, 0, 0, 1, 1, 0, 0, 1, 0, 4.0, 
6, Hayley Dotseth, 5, 18, 10, 69, .116, 0, 0, 2, 1, 18, 0, 3, 0, 0, 19.5, 
8, Lauren Sauer, 4, 0, 1, 1, -1.000, 1, 1, 1, 0, 1, 0, 0, 0, 0, 1.0, 
9, Kristina Susak, 4, 7, 2, 16, .312, 0, 0, 0, 0, 1, 0, 0, 0, 0, 7.0, 
12, Elizabeth Loschen, 5, 13, 1, 27, .444, 1, 0, 0, 0, 4, 0, 2, 1, 0, 14.0, 
14, Lolo Weideman, 5, 0, 0, 1, .000, 1, 2, 2, 1, 13, 0, 0, 0, 0, 2.0, 
15, Anne Rasmussen, 5, 0, 0, 0, .000, 3, 2, 2, 2, 24, 0, 0, 0, 0, 2.0, 
16, Mehana Fonseca, 5, 0, 0, 0, .000, 2, 0, 2, 2, 7, 0, 0, 0, 0, 0.0, 
TM, TEAM, 2, 0, 0, 0, .000, 0, 0, 0, 1, 0, 0, 0, 0, 0, 0.0, 
Totals, 64, 24, 169, .237, 59, 7, 17, 8, 77, 0, 16, 3, 0, 79.0, 
~
Montana, 
, -- Attack --, , -- Serve --, , -- Block --, , , 
#, Player, SP, K, E, TA, K%, A, SA, SE, RE, DIGS, BS, BA, BE, BHE, PTS, 
1, MORENO, Sarina, 5, 0, 0, 0, .000, 3, 1, 1, 2, 17, 0, 0, 0, 0, 1.0, 
3, URBACH, Alexis, 5, 13, 6, 35, .200, 0, 1, 2, 0, 4, 0, 3, 1, 0, 15.5, 
5, WATKINS, Ashley, 5, 1, 0, 8, .125, 40, 4, 2, 0, 13, 0, 1, 0, 0, 5.5, 
6, PERMANN, Baily, 5, 6, 2, 14, .286, 2, 0, 0, 0, 2, 0, 6, 1, 0, 9.0, 
10, LARAMEE, Cassie, 2, 0, 0, 0, .000, 0, 0, 0, 0, 0, 0, 0, 0, 0, 0.0, 
13, GAY, Brittany, 2, 0, 0, 0, .000, 0, 0, 0, 0, 0, 0, 0, 0, 0, 0.0, 
14, BRADLEY, Olivia, 5, 11, 5, 30, .200, 0, 0, 0, 0, 2, 1, 6, 1, 0, 15.0, 
17, MARSHALL, Maddy, 5, 15, 8, 39, .179, 0, 1, 2, 1, 19, 0, 3, 0, 0, 17.5, 
18, HUDDLESTON, Missy, 5, 1, 1, 5, .000, 0, 0, 0, 3, 9, 0, 0, 0, 0, 1.0, 
20, HAMMER, Mykaela, 5, 7, 3, 32, .125, 2, 1, 2, 1, 10, 0, 7, 0, 0, 11.5, 
Totals, 54, 25, 163, .178, 47, 8, 9, 7, 76, 1, 26, 3, 0, 76.0, 
~
