Final, 1, 2, 3, 4, Score, 
North Dakota State (9-19 (6-10)), 11, 25, 11, 23, 1, 
South Dakota (20-9 (13-3)), 25, 21, 25, 25, 3, 
~
North Dakota State, 
, -- Attack --, , -- Serve --, , -- Block --, , , 
#, Player, SP, K, E, TA, K%, A, SA, SE, RE, DIGS, BS, BA, BE, BHE, PTS, 
1, Kirstin Tidd, 1, 0, 0, 0, .000, 0, 0, 0, 0, 0, 0, 0, 0, 0, 0.0, 
2, Allie Mauch, 4, 8, 5, 23, .130, 1, 0, 0, 0, 2, 0, 2, 2, 0, 9.0, 
4, Ally Murphy, 2, 0, 1, 3, -.333, 0, 0, 0, 0, 0, 0, 0, 0, 0, 0.0, 
5, McKenzie Burke, 4, 5, 7, 39, -.051, 1, 4, 1, 2, 9, 0, 3, 0, 0, 10.5, 
6, Alex Erickson, 3, 0, 0, 0, .000, 0, 0, 1, 2, 4, 0, 0, 0, 0, 0.0, 
7, Abbi Klos, 4, 0, 0, 1, .000, 1, 0, 0, 1, 18, 0, 0, 0, 0, 0.0, 
8, Bella Lien, 4, 3, 0, 5, .600, 0, 0, 0, 0, 0, 0, 4, 2, 0, 5.0, 
9, Emily Halverson, 4, 3, 4, 20, -.050, 0, 0, 0, 0, 1, 1, 5, 1, 0, 6.5, 
11, Paige Schaffer, 4, 0, 0, 0, .000, 0, 1, 0, 0, 0, 0, 0, 0, 0, 1.0, 
12, Kaylee Hanger, 4, 0, 0, 0, .000, 0, 0, 0, 1, 7, 0, 0, 0, 0, 0.0, 
13, Alexis Bachmeier, 4, 16, 6, 47, .213, 1, 0, 0, 0, 8, 0, 2, 0, 1, 17.0, 
16, Kalli Hegerle, 4, 3, 0, 7, .429, 29, 0, 1, 0, 10, 0, 2, 0, 1, 4.0, 
TM, TEAM, 1, 0, 0, 0, .000, 0, 0, 0, 1, 0, 0, 0, 0, 0, 0.0, 
Totals, 38, 23, 145, .103, 33, 5, 3, 7, 59, 1, 18, 5, 2, 53.0, 
~
South Dakota, 
, -- Attack --, , -- Serve --, , -- Block --, , , 
#, Player, SP, K, E, TA, K%, A, SA, SE, RE, DIGS, BS, BA, BE, BHE, PTS, 
2, Claire Gerdes, 4, 6, 1, 13, .385, 0, 0, 0, 0, 3, 0, 3, 0, 0, 7.5, 
3, Taylor Wilson, 4, 13, 4, 29, .310, 0, 0, 0, 0, 4, 1, 3, 0, 0, 15.5, 
4, Madison Jurgens, 4, 3, 0, 9, .333, 44, 0, 1, 0, 6, 0, 1, 0, 1, 3.5, 
5, Jenna Wagemester, 1, 0, 0, 0, .000, 0, 0, 0, 0, 0, 0, 0, 0, 0, 0.0, 
6, Hayley Dotseth, 4, 14, 8, 44, .136, 4, 2, 0, 1, 17, 1, 1, 0, 0, 17.5, 
8, Lauren Sauer, 3, 0, 0, 0, .000, 0, 0, 0, 0, 0, 0, 0, 0, 0, 0.0, 
9, Kristina Susak, 4, 8, 4, 22, .182, 0, 0, 0, 1, 1, 0, 3, 0, 0, 9.5, 
12, Elizabeth Loschen, 4, 13, 3, 26, .385, 0, 0, 0, 0, 1, 1, 1, 0, 0, 14.5, 
14, Lolo Weideman, 4, 1, 1, 4, .000, 0, 1, 2, 1, 10, 0, 0, 0, 0, 2.0, 
15, Anne Rasmussen, 4, 0, 0, 0, .000, 5, 2, 1, 1, 21, 0, 0, 0, 0, 2.0, 
16, Mehana Fonseca, 4, 0, 0, 2, .000, 2, 2, 0, 1, 11, 0, 0, 0, 0, 2.0, 
Totals, 58, 21, 149, .248, 55, 7, 4, 5, 74, 3, 12, 0, 1, 74.0, 
~
