Final, 1, 2, 3, 4, Score, 
South Dakota (6-3), 18, 26, 21, 21, 1, 
Little Rock (7-3), 25, 24, 25, 25, 3, 
~
South Dakota, 
, -- Attack --, , -- Serve --, , -- Block --, , , 
#, Player, SP, K, E, TA, K%, A, SA, SE, RE, DIGS, BS, BA, BE, BHE, PTS, 
2, Claire Gerdes, 4, 2, 2, 13, .000, 0, 0, 0, 0, 4, 1, 3, 0, 0, 4.5, 
3, Taylor Wilson, 4, 9, 7, 30, .067, 0, 0, 0, 0, 0, 0, 2, 0, 0, 10.0, 
4, Madison Jurgens, 4, 2, 2, 8, .000, 36, 1, 2, 0, 10, 0, 3, 0, 0, 4.5, 
5, Jenna Wagemester, 2, 1, 3, 12, -.167, 2, 0, 0, 0, 2, 0, 0, 0, 0, 1.0, 
6, Hayley Dotseth, 4, 16, 9, 73, .096, 2, 1, 0, 1, 20, 0, 0, 0, 0, 17.0, 
8, Lauren Sauer, 4, 0, 0, 0, .000, 0, 3, 0, 0, 10, 0, 0, 0, 0, 3.0, 
9, Kristina Susak, 3, 2, 4, 21, -.095, 0, 0, 0, 0, 3, 1, 0, 0, 0, 3.0, 
12, Elizabeth Loschen, 4, 13, 1, 31, .387, 0, 0, 0, 0, 4, 0, 2, 0, 0, 14.0, 
14, Lolo Weideman, 2, 0, 0, 0, .000, 0, 0, 0, 0, 0, 0, 0, 0, 0, 0.0, 
15, Anne Rasmussen, 4, 0, 0, 0, .000, 4, 2, 1, 1, 24, 0, 0, 0, 0, 2.0, 
16, Mehana Fonseca, 4, 0, 0, 0, .000, 0, 0, 2, 0, 9, 0, 0, 0, 0, 0.0, 
Totals, 45, 28, 188, .090, 44, 7, 5, 2, 86, 2, 10, 0, 0, 59.0, 
~
Little Rock, 
, -- Attack --, , -- Serve --, , -- Block --, , , 
#, Player, SP, K, E, TA, K%, A, SA, SE, RE, DIGS, BS, BA, BE, BHE, PTS, 
1, Diana Giordani, 4, 0, 0, 0, .000, 0, 1, 0, 2, 15, 0, 0, 0, 0, 1.0, 
2, Marita Mesa, 4, 6, 3, 25, .120, 0, 0, 0, 0, 2, 0, 7, 0, 0, 9.5, 
5, Mya Robinson, 4, 9, 8, 38, .026, 0, 0, 0, 1, 24, 1, 2, 0, 0, 11.0, 
6, Nedima Kamberovic, 1, 0, 0, 0, .000, 1, 0, 0, 0, 0, 0, 0, 0, 0, 0.0, 
7, Laura Jansen, 4, 9, 3, 31, .194, 0, 0, 0, 0, 1, 0, 0, 0, 0, 9.0, 
9, Taylor Lindberg, 4, 13, 2, 31, .355, 30, 0, 0, 0, 11, 0, 4, 0, 2, 15.0, 
12, Carol Barbosa, 4, 12, 3, 29, .310, 0, 0, 0, 0, 2, 1, 4, 0, 0, 15.0, 
13, Sydnee Martin, 4, 0, 0, 0, .000, 2, 1, 3, 4, 24, 0, 0, 0, 0, 1.0, 
14, Riley Owen, 1, 0, 0, 0, .000, 0, 0, 0, 0, 0, 0, 0, 0, 0, 0.0, 
15, Pamela Zuluaga, 4, 1, 0, 4, .250, 28, 0, 2, 0, 7, 0, 0, 0, 2, 1.0, 
16, Veronica Marin, 4, 13, 2, 24, .458, 0, 0, 1, 0, 7, 1, 9, 0, 0, 18.5, 
Totals, 63, 21, 182, .231, 61, 2, 6, 7, 93, 3, 26, 0, 4, 81.0, 
~
