Final, 1, 2, 3, 4, Score, 
Northern Colo. (2-4), 15, 25, 22, 24, 1, 
South Dakota (5-1), 25, 17, 25, 26, 3, 
~
Northern Colo., 
, -- Attack --, , -- Serve --, , -- Block --, , , 
#, Player, SP, K, E, TA, K%, A, SA, SE, RE, DIGS, BS, BA, BE, BHE, PTS, 
1, BREMER, Maddy, 4, 8, 2, 22, .273, 0, 0, 1, 0, 0, 2, 0, 0, 0, 10.0, 
2, KATARZYNSKI, Laura, 4, 0, 0, 0, .000, 0, 0, 3, 1, 6, 0, 0, 0, 0, 0.0, 
5, MUFF, Taylor, 4, 7, 5, 23, .087, 0, 5, 0, 1, 15, 0, 1, 0, 0, 12.5, 
6, ELS, Taylor, 4, 0, 0, 0, .000, 6, 1, 2, 0, 18, 0, 0, 0, 0, 1.0, 
7, SCHULTZ, Daisy, 4, 0, 1, 7, -.143, 43, 0, 1, 0, 12, 0, 1, 0, 0, 0.5, 
8, LOCKEY, Kortney, 4, 13, 4, 49, .184, 0, 0, 1, 1, 12, 0, 1, 0, 0, 13.5, 
9, UYEMURA, Kayla, 4, 0, 0, 0, .000, 0, 1, 1, 0, 0, 0, 0, 0, 0, 1.0, 
10, HINRICHS, Lauren, 4, 14, 6, 29, .276, 0, 0, 0, 0, 2, 1, 3, 0, 0, 16.5, 
15, McCARTNEY, Jayden, 4, 9, 3, 23, .261, 1, 0, 0, 0, 3, 0, 0, 0, 0, 9.0, 
16, INCE, Kailey Jo, 3, 2, 2, 12, .000, 0, 0, 0, 0, 1, 0, 0, 0, 0, 2.0, 
TM, TEAM, 1, 0, 0, 0, .000, 0, 0, 0, 1, 0, 0, 0, 0, 0, 0.0, 
Totals, 53, 23, 165, .182, 50, 7, 9, 4, 69, 3, 6, 0, 0, 66.0, 
~
South Dakota, 
, -- Attack --, , -- Serve --, , -- Block --, , , 
#, Player, SP, K, E, TA, K%, A, SA, SE, RE, DIGS, BS, BA, BE, BHE, PTS, 
2, Claire Gerdes, 3, 3, 0, 10, .300, 0, 0, 0, 0, 0, 0, 1, 0, 0, 3.5, 
3, Taylor Wilson, 4, 12, 4, 24, .333, 0, 0, 0, 0, 1, 1, 3, 0, 0, 14.5, 
4, Madison Jurgens, 4, 4, 0, 11, .364, 42, 0, 2, 0, 9, 0, 0, 0, 2, 4.0, 
6, Hayley Dotseth, 4, 18, 6, 56, .214, 0, 0, 0, 2, 17, 0, 2, 0, 0, 19.0, 
8, Lauren Sauer, 4, 0, 0, 0, .000, 0, 0, 1, 1, 11, 0, 0, 0, 0, 0.0, 
9, Kristina Susak, 4, 12, 1, 26, .423, 0, 0, 0, 0, 2, 0, 1, 0, 0, 12.5, 
12, Elizabeth Loschen, 4, 2, 1, 13, .077, 0, 0, 0, 0, 1, 1, 1, 0, 0, 3.5, 
14, Lolo Weideman, 2, 0, 0, 0, .000, 0, 0, 0, 0, 1, 0, 0, 0, 0, 0.0, 
15, Anne Rasmussen, 4, 0, 0, 0, .000, 2, 1, 0, 2, 27, 0, 0, 0, 0, 1.0, 
16, Mehana Fonseca, 4, 0, 0, 0, .000, 0, 3, 1, 0, 7, 0, 0, 0, 0, 3.0, 
17, Emily Grathoff, 2, 0, 5, 6, -.833, 0, 0, 0, 0, 0, 0, 0, 1, 0, 0.0, 
TM, TEAM, 1, 0, 0, 0, .000, 0, 0, 0, 2, 0, 0, 0, 0, 0, 0.0, 
Totals, 51, 17, 146, .233, 44, 4, 4, 7, 76, 2, 8, 1, 2, 61.0, 
~
