Final, 1, 2, 3, Score, 
Western Illinois (1-8), 22, 14, 10, 0, 
FGCU (5-3), 25, 25, 25, 3, 
~
Western Illinois, 
, -- Attack --, , -- Serve --, , -- Block --, , , 
#, Player, SP, K, E, TA, K%, A, SA, SE, RE, DIGS, BS, BA, BE, BHE, PTS, 
2, Aleezah Washington, 3, 0, 0, 2, .000, 0, 0, 0, 0, 1, 0, 0, 0, 0, 0.0, 
3, Shiah Sanders, 3, 3, 1, 11, .182, 0, 0, 0, 0, 1, 0, 1, 0, 0, 3.5, 
5, Jaime Johnson, 3, 1, 1, 5, .000, 14, 0, 2, 0, 5, 0, 0, 0, 0, 1.0, 
7, Melanie Patenaude, 2, 3, 5, 24, -.083, 1, 0, 1, 0, 4, 0, 0, 0, 0, 3.0, 
8, Claire Grove, 2, 0, 0, 1, .000, 0, 0, 1, 0, 5, 0, 0, 0, 0, 0.0, 
9, Kaylee Woodard, 1, 0, 0, 0, .000, 0, 0, 0, 0, 3, 0, 0, 0, 0, 0.0, 
11, Abby Knoop, 3, 5, 2, 20, .150, 0, 0, 0, 0, 1, 0, 0, 0, 0, 5.0, 
12, Erika Moore, 3, 0, 0, 0, .000, 2, 0, 0, 1, 5, 0, 0, 0, 0, 0.0, 
14, Cassie Hunt, 3, 1, 0, 4, .250, 3, 0, 1, 0, 1, 0, 0, 0, 2, 1.0, 
15, Mackenzie Steckler, 3, 7, 3, 12, .333, 0, 0, 2, 0, 4, 0, 0, 0, 0, 7.0, 
17, Riley Schumacher, 2, 1, 0, 4, .250, 0, 0, 0, 0, 0, 0, 1, 0, 0, 1.5, 
21, Madeline Dieter, 2, 0, 0, 3, .000, 0, 0, 0, 0, 0, 0, 0, 0, 0, 0.0, 
23, Jovana Bulatovic, 1, 0, 2, 4, -.500, 0, 0, 0, 0, 0, 0, 0, 0, 0, 0.0, 
24, Emma Norris, 1, 2, 0, 6, .333, 0, 0, 0, 0, 4, 1, 0, 0, 0, 3.0, 
Totals, 23, 14, 96, .094, 20, 0, 7, 1, 34, 1, 2, 0, 2, 25.0, 
~
FGCU, 
, -- Attack --, , -- Serve --, , -- Block --, , , 
#, Player, SP, K, E, TA, K%, A, SA, SE, RE, DIGS, BS, BA, BE, BHE, PTS, 
1, Karissa Rhoades, 3, 2, 2, 8, .000, 0, 0, 2, 0, 4, 0, 0, 0, 0, 2.0, 
2, Giovanna Borgiotti, 3, 13, 2, 25, .440, 0, 0, 0, 0, 3, 0, 0, 0, 0, 13.0, 
3, Daniele Serrano, 3, 6, 0, 11, .545, 0, 0, 0, 0, 3, 0, 5, 1, 0, 8.5, 
5, Maggie Rick, 3, 1, 0, 1, 1.000, 21, 0, 1, 0, 9, 0, 0, 0, 0, 1.0, 
6, Kaitlan Krivdo, 1, 0, 0, 1, .000, 0, 0, 0, 0, 0, 0, 0, 0, 0, 0.0, 
7, Dana Axner, 3, 0, 0, 0, .000, 6, 0, 1, 0, 15, 0, 0, 0, 0, 0.0, 
8, Snowy Burnam, 3, 6, 1, 12, .417, 0, 0, 0, 0, 1, 0, 3, 0, 0, 7.5, 
10, Chelsey Lockey, 3, 0, 0, 1, .000, 17, 1, 0, 0, 3, 0, 0, 0, 2, 1.0, 
12, Cortney Vanliew, 3, 11, 3, 23, .348, 1, 0, 1, 0, 12, 0, 0, 0, 0, 11.0, 
15, Sharonda Pickering, 3, 7, 0, 12, .583, 0, 0, 0, 0, 0, 0, 2, 0, 0, 8.0, 
22, Tori Morris, 2, 4, 2, 8, .250, 0, 0, 3, 0, 2, 0, 0, 0, 0, 4.0, 
Totals, 50, 10, 102, .392, 45, 1, 8, 0, 52, 0, 10, 1, 2, 56.0, 
~
