Final, 1, 2, 3, 4, 5, Score, 
South Dakota (21-9 (13-3)), 27, 24, 19, 25, 15, 3, 
Denver (27-2 (15-0)), 25, 26, 25, 21, 6, 2, 
~
South Dakota, 
, -- Attack --, , -- Serve --, , -- Block --, , , 
#, Player, SP, K, E, TA, K%, A, SA, SE, RE, DIGS, BS, BA, BE, BHE, PTS, 
2, Claire Gerdes, 3, 0, 2, 8, -.250, 0, 0, 0, 0, 1, 0, 0, 1, 0, 0.0, 
3, Taylor Wilson, 5, 24, 1, 45, .511, 0, 0, 0, 0, 7, 0, 5, 1, 0, 26.5, 
4, Madison Jurgens, 5, 3, 3, 12, .000, 50, 3, 1, 0, 20, 0, 3, 1, 1, 7.5, 
6, Hayley Dotseth, 5, 19, 9, 63, .159, 0, 2, 0, 1, 15, 1, 0, 0, 0, 22.0, 
8, Lauren Sauer, 4, 0, 0, 0, .000, 0, 0, 0, 0, 2, 0, 0, 0, 0, 0.0, 
9, Kristina Susak, 5, 7, 3, 22, .182, 0, 0, 0, 2, 2, 0, 0, 0, 0, 7.0, 
12, Elizabeth Loschen, 5, 12, 6, 30, .200, 0, 0, 0, 0, 3, 0, 2, 0, 0, 13.0, 
14, Lolo Weideman, 5, 0, 0, 3, .000, 1, 0, 0, 0, 11, 0, 0, 0, 0, 0.0, 
15, Anne Rasmussen, 5, 1, 0, 1, 1.000, 8, 0, 1, 0, 19, 0, 0, 0, 1, 1.0, 
16, Mehana Fonseca, 5, 0, 0, 3, .000, 2, 0, 0, 0, 14, 0, 0, 0, 0, 0.0, 
17, Emily Grathoff, 2, 2, 0, 4, .500, 0, 0, 0, 0, 0, 1, 0, 0, 0, 3.0, 
Totals, 68, 24, 191, .230, 61, 5, 2, 3, 94, 2, 10, 3, 2, 80.0, 
~
Denver, 
, -- Attack --, , -- Serve --, , -- Block --, , , 
#, Player, SP, K, E, TA, K%, A, SA, SE, RE, DIGS, BS, BA, BE, BHE, PTS, 
1, Graceyn Tippens, 5, 6, 7, 29, -.034, 0, 1, 1, 0, 7, 0, 4, 0, 0, 9.0, 
3, Andrea Eddy, 5, 0, 0, 1, .000, 21, 0, 3, 0, 13, 0, 0, 0, 0, 0.0, 
6, Ellie Anderson, 5, 1, 0, 2, .500, 34, 0, 1, 0, 6, 0, 0, 0, 0, 1.0, 
7, Lauren McManus, 5, 0, 0, 0, .000, 0, 0, 0, 2, 8, 0, 0, 0, 0, 0.0, 
8, Becca Latham, 5, 22, 5, 48, .354, 0, 0, 0, 0, 1, 1, 4, 0, 0, 25.0, 
10, Lydia Bartalo, 5, 9, 7, 37, .054, 1, 0, 2, 0, 17, 0, 2, 0, 0, 10.0, 
12, Macy Carrabine, 5, 0, 0, 0, .000, 4, 1, 0, 1, 25, 0, 0, 0, 0, 1.0, 
13, Tina Boe, 5, 14, 3, 39, .282, 1, 1, 1, 0, 6, 0, 6, 0, 0, 18.0, 
14, Taylor Joachim, 5, 3, 3, 21, .000, 0, 0, 0, 0, 1, 0, 4, 0, 0, 5.0, 
15, Emma Willis, 5, 16, 2, 29, .483, 0, 0, 0, 0, 1, 0, 7, 2, 0, 19.5, 
17, Katie Mahoney, 4, 0, 0, 0, .000, 0, 0, 0, 0, 0, 0, 0, 0, 0, 0.0, 
TM, TEAM, 3, 0, 0, 0, .000, 0, 0, 0, 2, 0, 0, 0, 0, 0, 0.0, 
Totals, 71, 27, 206, .214, 61, 3, 8, 5, 85, 1, 27, 2, 0, 88.5, 
~
