Final, 1, 2, 3, Score, 
South Dakota (15-8 (9-2)), 25, 25, 25, 3, 
Western Illinois (1-22 (0-10)), 18, 20, 18, 0, 
~
South Dakota, 
, -- Attack --, , -- Serve --, , -- Block --, , , 
#, Player, SP, K, E, TA, K%, A, SA, SE, RE, DIGS, BS, BA, BE, BHE, PTS, 
1, Abbey Pederson, 2, 0, 0, 0, .000, 0, 0, 0, 0, 1, 0, 0, 0, 0, 0.0, 
2, Claire Gerdes, 3, 4, 3, 11, .091, 0, 0, 0, 0, 0, 0, 2, 0, 0, 5.0, 
3, Taylor Wilson, 3, 13, 0, 17, .765, 0, 0, 0, 0, 2, 0, 1, 0, 0, 13.5, 
4, Madison Jurgens, 3, 1, 4, 6, -.500, 34, 5, 3, 0, 6, 0, 1, 0, 0, 6.5, 
5, Jenna Wagemester, 3, 5, 0, 9, .556, 0, 0, 0, 0, 1, 0, 0, 0, 0, 5.0, 
6, Hayley Dotseth, 3, 15, 7, 40, .200, 1, 1, 0, 0, 1, 1, 1, 0, 0, 17.5, 
12, Elizabeth Loschen, 3, 5, 2, 13, .231, 0, 0, 0, 0, 0, 0, 1, 0, 0, 5.5, 
14, Lolo Weideman, 3, 0, 0, 0, .000, 1, 1, 1, 2, 8, 0, 0, 0, 0, 1.0, 
15, Anne Rasmussen, 3, 0, 0, 0, .000, 2, 0, 0, 0, 10, 0, 0, 0, 0, 0.0, 
16, Mehana Fonseca, 3, 0, 0, 0, .000, 1, 1, 0, 0, 7, 0, 0, 0, 0, 1.0, 
TM, TEAM, 1, 0, 0, 0, .000, 0, 0, 0, 1, 0, 0, 0, 0, 0, 0.0, 
Totals, 43, 16, 96, .281, 39, 8, 4, 3, 36, 1, 6, 0, 0, 55.0, 
~
Western Illinois, 
, -- Attack --, , -- Serve --, , -- Block --, , , 
#, Player, SP, K, E, TA, K%, A, SA, SE, RE, DIGS, BS, BA, BE, BHE, PTS, 
2, Aleezah Washington, 1, 0, 2, 2, -1.000, 0, 0, 0, 0, 0, 0, 1, 0, 0, 0.5, 
3, Shiah Sanders, 2, 0, 3, 11, -.273, 0, 0, 0, 0, 2, 0, 2, 0, 0, 1.0, 
5, Jaime Johnson, 3, 0, 0, 1, .000, 16, 0, 2, 0, 2, 0, 0, 0, 0, 0.0, 
6, Mariah Mitchell, 3, 5, 3, 10, .200, 0, 0, 0, 0, 0, 0, 0, 0, 0, 5.0, 
7, Melanie Patenaude, 3, 7, 3, 15, .267, 2, 0, 0, 2, 7, 0, 0, 0, 0, 7.0, 
8, Claire Grove, 3, 0, 0, 0, .000, 0, 1, 0, 0, 12, 0, 0, 0, 0, 1.0, 
9, Kaylee Woodard, 1, 0, 0, 0, .000, 0, 0, 0, 1, 0, 0, 0, 0, 0, 0.0, 
12, Erika Moore, 3, 0, 0, 0, .000, 0, 0, 0, 0, 2, 0, 0, 0, 0, 0.0, 
14, Cassie Hunt, 3, 0, 0, 0, .000, 13, 2, 4, 0, 4, 0, 0, 0, 1, 2.0, 
15, Mackenzie Steckler, 2, 1, 0, 8, .125, 0, 0, 0, 0, 0, 0, 1, 0, 0, 1.5, 
17, Riley Schumacher, 1, 2, 1, 3, .333, 0, 0, 0, 0, 0, 0, 0, 0, 0, 2.0, 
21, Madeline Dieter, 3, 8, 2, 14, .429, 0, 0, 0, 0, 0, 3, 2, 0, 0, 12.0, 
24, Emma Norris, 3, 9, 2, 24, .292, 0, 0, 1, 2, 3, 0, 0, 0, 0, 9.0, 
TM, TEAM, 2, 0, 0, 0, .000, 0, 0, 0, 3, 0, 0, 0, 0, 0, 0.0, 
Totals, 32, 16, 88, .182, 31, 3, 7, 8, 32, 3, 6, 0, 1, 41.0, 
~
