Final, 1, 2, 3, 4, 5, Score, 
Evansville (3-0), 24, 23, 27, 25, 15, 3, 
Western Illinois (1-2), 26, 25, 25, 23, 11, 2, 
~
Evansville, 
, -- Attack --, , -- Serve --, , -- Block --, , , 
#, Player, SP, K, E, TA, K%, A, SA, SE, RE, DIGS, BS, BA, BE, BHE, PTS, 
1, Cornist, Kerra, 5, 10, 1, 17, .529, 0, 0, 0, 0, 0, 0, 1, 0, 0, 10.5, 
3, dos Santos, Gabriela, 5, 2, 0, 3, .667, 2, 4, 2, 0, 26, 0, 0, 0, 0, 6.0, 
4, Coronel, Joselyn, 5, 2, 0, 5, .400, 0, 0, 0, 0, 3, 0, 3, 0, 0, 3.5, 
5, Tam, Rachel, 5, 29, 12, 59, .288, 1, 1, 2, 3, 2, 0, 2, 0, 0, 31.0, 
7, Joseph, Patricia, 5, 1, 3, 9, -.222, 0, 0, 0, 0, 1, 0, 0, 0, 0, 1.0, 
9, Thon, Cecilia, 5, 0, 0, 0, .000, 24, 0, 0, 0, 10, 0, 0, 0, 0, 0.0, 
11, Redmond, Elena, 4, 0, 0, 0, .000, 20, 0, 1, 0, 9, 0, 0, 0, 0, 0.0, 
12, McInnis, Allana, 3, 0, 0, 0, .000, 9, 0, 2, 0, 3, 0, 0, 0, 0, 0.0, 
13, Rodriguez, Mildrelis, 5, 14, 11, 52, .058, 1, 3, 3, 1, 16, 1, 1, 0, 0, 18.5, 
15, Fortuny, Rocio, 5, 4, 6, 24, -.083, 0, 0, 0, 0, 1, 0, 1, 0, 0, 4.5, 
16, Murray, Lauren, 4, 0, 0, 0, .000, 0, 0, 1, 2, 5, 0, 0, 0, 0, 0.0, 
TM, TEAM, 2, 0, 0, 0, .000, 0, 0, 0, 3, 0, 0, 0, 0, 0, 0.0, 
Totals, 62, 33, 169, .172, 57, 8, 11, 9, 76, 1, 8, 0, 0, 75.0, 
~
Western Illinois, 
, -- Attack --, , -- Serve --, , -- Block --, , , 
#, Player, SP, K, E, TA, K%, A, SA, SE, RE, DIGS, BS, BA, BE, BHE, PTS, 
2, Aleezah Washington, 3, 1, 2, 5, -.200, 0, 0, 0, 0, 0, 0, 3, 0, 0, 2.5, 
3, Shiah Sanders, 5, 9, 6, 34, .088, 0, 0, 0, 0, 4, 0, 6, 0, 0, 12.0, 
5, Jaime Johnson, 5, 2, 1, 5, .200, 30, 2, 1, 0, 15, 0, 0, 0, 0, 4.0, 
6, Mariah Mitchell, 2, 2, 0, 8, .250, 0, 0, 0, 0, 1, 0, 1, 0, 0, 2.5, 
7, Melanie Patenaude, 5, 16, 10, 56, .107, 1, 3, 3, 1, 9, 0, 3, 0, 1, 20.5, 
8, Claire Grove, 5, 0, 0, 0, .000, 2, 0, 4, 1, 17, 0, 0, 0, 0, 0.0, 
12, Erika Moore, 5, 0, 0, 1, .000, 1, 0, 0, 1, 8, 0, 0, 0, 0, 0.0, 
14, Cassie Hunt, 5, 0, 0, 1, .000, 20, 2, 2, 0, 7, 0, 0, 0, 2, 2.0, 
15, Mackenzie Steckler, 5, 8, 1, 15, .467, 0, 0, 4, 0, 1, 0, 9, 0, 0, 12.5, 
17, Riley Schumacher, 5, 4, 3, 10, .100, 0, 0, 0, 0, 0, 0, 5, 0, 0, 6.5, 
24, Emma Norris, 5, 15, 3, 28, .429, 1, 2, 1, 1, 7, 0, 2, 0, 0, 18.0, 
TM, TEAM, 2, 0, 0, 0, .000, 0, 0, 0, 4, 0, 0, 0, 0, 0, 0.0, 
Totals, 57, 26, 163, .190, 55, 9, 15, 8, 69, 0, 29, 0, 3, 80.5, 
~
