Final, 1, 2, 3, Score, 
Eastern Wash. (3-1), 10, 20, 12, 0, 
North Dakota (2-3), 25, 25, 25, 3, 
~
Eastern Wash., 
, -- Attack --, , -- Serve --, , -- Block --, , , 
#, Player, SP, K, E, TA, K%, A, SA, SE, RE, DIGS, BS, BA, BE, BHE, PTS, 
2, LINKE, Catelyn, 3, 0, 0, 2, .000, 0, 0, 0, 2, 19, 0, 0, 0, 0, 0.0, 
4, NELSON, Grace, 3, 0, 0, 0, .000, 0, 0, 2, 2, 2, 0, 0, 0, 0, 0.0, 
6, BOEVER, Samantha, 3, 0, 0, 1, .000, 21, 0, 0, 0, 8, 0, 0, 0, 0, 0.0, 
8, NIU, ShaRae, 2, 0, 0, 0, .000, 0, 0, 1, 0, 2, 0, 0, 0, 0, 0.0, 
9, KEITH, Alexis, 1, 0, 0, 0, .000, 0, 0, 0, 0, 0, 0, 0, 0, 0, 0.0, 
10, DAVIS, MaKenna, 3, 8, 4, 25, .160, 0, 3, 0, 2, 5, 0, 2, 0, 0, 12.0, 
12, KAMINSKY, Kennedy, 3, 5, 1, 16, .250, 1, 0, 0, 0, 0, 0, 2, 0, 0, 6.0, 
13, LARSEN, Taylor, 3, 4, 1, 17, .176, 0, 0, 0, 0, 9, 0, 2, 0, 0, 5.0, 
14, SAO, Puaoolelagi, 3, 0, 0, 0, .000, 1, 0, 0, 0, 8, 0, 0, 0, 0, 0.0, 
15, LANGFORD, Kamille, 3, 3, 6, 17, -.176, 0, 0, 0, 0, 2, 1, 2, 0, 0, 5.0, 
23, ESPINOSA, Alexandra, 3, 5, 10, 35, -.143, 1, 0, 0, 0, 1, 0, 0, 1, 0, 5.0, 
Totals, 25, 22, 113, .027, 24, 3, 3, 6, 56, 1, 8, 1, 0, 33.0, 
~
North Dakota, 
, -- Attack --, , -- Serve --, , -- Block --, , , 
#, Player, SP, K, E, TA, K%, A, SA, SE, RE, DIGS, BS, BA, BE, BHE, PTS, 
0, Kayla Williams, 3, 12, 5, 44, .159, 0, 3, 0, 2, 13, 0, 4, 0, 0, 17.0, 
2, Brynn Nieukirk, 3, 3, 2, 13, .077, 0, 0, 0, 0, 1, 0, 0, 0, 0, 3.0, 
4, Taliyah Flores, 3, 0, 0, 1, .000, 0, 1, 1, 0, 13, 0, 0, 0, 0, 1.0, 
5, Alivia Fraase, 3, 0, 0, 0, .000, 1, 1, 0, 1, 15, 0, 0, 0, 0, 1.0, 
7, Lexi Ahrens, 1, 1, 0, 2, .500, 0, 0, 1, 0, 0, 0, 0, 0, 0, 1.0, 
8, Lydia Rutten, 2, 1, 2, 5, -.200, 0, 0, 0, 0, 0, 0, 3, 0, 0, 2.5, 
9, Roosa Rautio, 3, 1, 0, 3, .333, 32, 1, 1, 0, 7, 0, 1, 0, 0, 2.5, 
10, Megan Larson, 1, 0, 0, 0, .000, 0, 0, 0, 0, 1, 0, 0, 0, 0, 0.0, 
12, Jordan Vail, 3, 16, 2, 35, .400, 0, 0, 0, 0, 0, 1, 8, 0, 0, 21.0, 
14, Kelly Wahl, 1, 0, 0, 0, .000, 0, 0, 0, 0, 0, 0, 1, 0, 0, 0.5, 
15, Taylor Riedl, 1, 0, 0, 0, .000, 0, 0, 0, 0, 0, 0, 0, 0, 0, 0.0, 
16, Maggie Smith, 2, 0, 0, 0, .000, 0, 0, 0, 0, 0, 0, 0, 0, 0, 0.0, 
17, Tamika Brekke, 3, 0, 0, 0, .000, 1, 0, 0, 0, 7, 0, 0, 0, 0, 0.0, 
18, Ashley Brueggeman, 3, 7, 0, 11, .636, 1, 0, 0, 0, 1, 0, 5, 0, 0, 9.5, 
20, Madi Hart, 1, 0, 0, 0, .000, 0, 0, 0, 0, 0, 0, 0, 0, 0, 0.0, 
Totals, 41, 11, 114, .263, 35, 6, 3, 3, 58, 1, 22, 0, 0, 59.0, 
~
