Final, 1, 2, 3, 4, 5, Score, 
Louisiana Tech (4-9), 25, 19, 25, 18, 15, 3, 
Oral Roberts (3-7), 17, 25, 14, 25, 12, 2, 
~
Louisiana Tech, 
, -- Attack --, , -- Serve --, , -- Block --, , , 
#, Player, SP, K, E, TA, K%, A, SA, SE, RE, DIGS, BS, BA, BE, BHE, PTS, 
1, CURRIE, Morgan, 5, 0, 1, 1, -1.000, 1, 0, 0, 0, 4, 0, 0, 0, 0, 0.0, 
2, VERLINDEN, Marie-Hel, 5, 1, 2, 8, -.125, 1, 5, 2, 0, 3, 1, 1, 0, 0, 7.5, 
3, CARSWELL, Jordyn, 5, 7, 5, 35, .057, 0, 0, 3, 2, 23, 0, 2, 0, 0, 8.0, 
4, PENN, Jayde, 2, 1, 2, 5, -.200, 0, 0, 0, 0, 2, 0, 0, 0, 0, 1.0, 
5, MIRICH, Carter, 5, 7, 7, 39, .000, 2, 1, 0, 1, 23, 0, 1, 0, 0, 8.5, 
6, PROSTRAN, Mia, 2, 0, 0, 0, .000, 3, 1, 0, 0, 0, 0, 0, 0, 0, 1.0, 
8, ADAMS, Kaitlyn, 5, 31, 4, 61, .443, 0, 1, 2, 0, 5, 0, 2, 1, 0, 33.0, 
9, BOYLAN, Emily, 1, 0, 0, 0, .000, 0, 0, 0, 0, 0, 0, 0, 0, 0, 0.0, 
10, HONORE, Natalie, 1, 0, 0, 0, .000, 0, 0, 1, 0, 3, 0, 0, 0, 0, 0.0, 
11, HILDENBRAND, Abigail, 5, 2, 1, 14, .071, 45, 1, 0, 0, 9, 0, 1, 1, 1, 3.5, 
12, HENDRICKS, Lara, 1, 0, 0, 2, .000, 0, 0, 0, 0, 0, 0, 0, 0, 0, 0.0, 
14, ZUCCO, Alyssa, 5, 1, 1, 3, .000, 5, 0, 0, 0, 23, 0, 0, 0, 0, 1.0, 
17, DAVIS, Madeline, 5, 13, 2, 30, .367, 0, 1, 0, 0, 5, 0, 5, 0, 0, 16.5, 
TM, TEAM, 1, 0, 0, 0, .000, 0, 0, 0, 2, 0, 0, 0, 0, 0, 0.0, 
Totals, 63, 25, 198, .192, 57, 10, 8, 5, 100, 1, 12, 2, 1, 80.0, 
~
Oral Roberts, 
, -- Attack --, , -- Serve --, , -- Block --, , , 
#, Player, SP, K, E, TA, K%, A, SA, SE, RE, DIGS, BS, BA, BE, BHE, PTS, 
1, Tori Roe, 5, 0, 0, 2, .000, 7, 0, 0, 2, 25, 0, 0, 0, 0, 0.0, 
3, Mya King, 5, 0, 0, 1, .000, 0, 0, 0, 0, 0, 0, 0, 0, 0, 0.0, 
6, Inka Inkret, 4, 0, 1, 1, -1.000, 0, 1, 1, 2, 6, 0, 0, 0, 0, 1.0, 
10, Bria Bergman, 5, 5, 1, 15, .267, 38, 0, 0, 0, 13, 0, 0, 1, 0, 5.0, 
11, Taylan Nero, 5, 11, 3, 19, .421, 1, 0, 0, 0, 2, 0, 3, 3, 0, 12.5, 
12, Bri Greenlee, 5, 7, 2, 26, .192, 0, 0, 0, 0, 2, 0, 4, 0, 0, 9.0, 
13, Sarah Thiessen, 5, 0, 0, 1, .000, 3, 2, 0, 0, 16, 0, 0, 0, 0, 2.0, 
14, Katarina Mikulic, 5, 18, 8, 60, .167, 1, 1, 0, 3, 25, 0, 1, 1, 0, 19.5, 
15, Morgan Blomquist, 5, 3, 4, 14, -.071, 1, 0, 0, 0, 2, 0, 3, 0, 0, 4.5, 
16, Lara Picht, 5, 10, 7, 50, .060, 0, 1, 0, 2, 9, 0, 1, 0, 0, 11.5, 
TM, TEAM, 1, 0, 0, 0, .000, 0, 0, 0, 1, 0, 0, 0, 0, 0, 0.0, 
Totals, 54, 26, 189, .148, 51, 5, 1, 10, 100, 0, 12, 5, 0, 65.0, 
~
