Final, 1, 2, 3, Score, 
South Dakota State (3-12 (0-2)), 22, 18, 15, 0, 
Denver (13-1 (2-0)), 25, 25, 25, 3, 
~
South Dakota State, 
, -- Attack --, , -- Serve --, , -- Block --, , , 
#, Player, SP, K, E, TA, K%, A, SA, SE, RE, DIGS, BS, BA, BE, BHE, PTS, 
1, Sierra Peterson, 3, 4, 2, 13, .154, 0, 1, 1, 0, 2, 1, 0, 0, 0, 6.0, 
2, Kari Brucker, 1, 0, 0, 0, .000, 0, 0, 0, 0, 0, 0, 0, 0, 0, 0.0, 
3, Makenzie Hennen, 3, 8, 5, 31, .097, 0, 0, 1, 0, 5, 0, 0, 0, 0, 8.0, 
4, Ashlynn Smith, 3, 7, 5, 19, .105, 0, 0, 0, 1, 6, 0, 0, 0, 0, 7.0, 
5, Kasey Brower, 3, 0, 0, 0, .000, 2, 0, 0, 0, 3, 0, 0, 0, 0, 0.0, 
9, Crystal Burk, 3, 1, 0, 1, 1.000, 1, 0, 0, 0, 0, 0, 0, 1, 0, 1.0, 
11, Payton Richardson, 3, 2, 1, 10, .100, 0, 0, 0, 0, 1, 1, 0, 0, 0, 3.0, 
12, Ellie Thein, 3, 0, 0, 0, .000, 0, 1, 0, 4, 9, 0, 0, 0, 0, 1.0, 
15, Sydney Andrews, 3, 2, 0, 6, .333, 0, 1, 1, 0, 1, 0, 0, 0, 0, 3.0, 
18, Maddie Fay, 3, 2, 2, 7, .000, 20, 3, 0, 0, 4, 0, 0, 0, 0, 5.0, 
TM, TEAM, 1, 0, 0, 0, .000, 0, 0, 0, 1, 0, 0, 0, 0, 0, 0.0, 
Totals, 26, 15, 87, .126, 23, 6, 3, 6, 31, 2, 0, 1, 0, 34.0, 
~
Denver, 
, -- Attack --, , -- Serve --, , -- Block --, , , 
#, Player, SP, K, E, TA, K%, A, SA, SE, RE, DIGS, BS, BA, BE, BHE, PTS, 
1, Graceyn Tippens, 1, 1, 0, 3, .333, 0, 0, 1, 1, 0, 0, 1, 0, 0, 1.5, 
2, Katarina Marinkovic, 3, 9, 3, 18, .333, 0, 0, 0, 2, 1, 1, 0, 0, 0, 10.0, 
3, Andrea Eddy, 2, 0, 0, 0, .000, 12, 0, 1, 0, 3, 0, 0, 0, 1, 0.0, 
5, Olivia Novotny, 2, 0, 0, 0, .000, 1, 0, 0, 0, 2, 0, 0, 0, 0, 0.0, 
6, Ellie Anderson, 2, 0, 0, 0, .000, 14, 1, 0, 0, 3, 0, 0, 0, 0, 1.0, 
7, Lauren McManus, 2, 0, 0, 0, .000, 1, 0, 0, 0, 9, 0, 0, 0, 0, 0.0, 
8, Becca Latham, 3, 13, 0, 20, .650, 0, 0, 0, 0, 2, 1, 3, 0, 0, 15.5, 
9, Mara Abernethy, 1, 0, 0, 1, .000, 0, 0, 0, 0, 0, 0, 0, 0, 0, 0.0, 
10, Lydia Bartalo, 3, 10, 4, 21, .286, 1, 2, 4, 1, 10, 0, 0, 0, 0, 12.0, 
11, Michelle Feliciano, 2, 0, 0, 0, .000, 13, 2, 1, 0, 2, 0, 0, 0, 0, 2.0, 
12, Macy Carrabine, 2, 0, 0, 0, .000, 1, 0, 0, 2, 3, 0, 0, 0, 0, 0.0, 
13, Tina Boe, 3, 4, 0, 10, .400, 1, 1, 1, 0, 2, 0, 2, 1, 0, 6.0, 
14, Taylor Joachim, 3, 9, 2, 19, .368, 0, 0, 0, 0, 0, 0, 3, 0, 0, 10.5, 
15, Emma Willis, 3, 4, 2, 7, .286, 1, 0, 0, 0, 1, 1, 4, 0, 0, 7.0, 
17, Katie Mahoney, 2, 1, 1, 2, .000, 0, 0, 1, 0, 0, 0, 0, 0, 0, 1.0, 
Totals, 51, 12, 101, .386, 45, 6, 9, 6, 38, 3, 13, 1, 1, 66.5, 
~
