Final, 1, 2, 3, Score, 
North Dakota State (2-9), 18, 16, 16, 0, 
TCU (8-3), 25, 25, 25, 3, 
~
North Dakota State, 
, -- Attack --, , -- Serve --, , -- Block --, , , 
#, Player, SP, K, E, TA, K%, A, SA, SE, RE, DIGS, BS, BA, BE, BHE, PTS, 
1, Kirstin Tidd, 3, 2, 2, 5, .000, 0, 0, 0, 0, 0, 0, 0, 0, 0, 2.0, 
2, Allie Mauch, 3, 10, 4, 24, .250, 2, 0, 0, 0, 1, 0, 1, 0, 0, 10.5, 
4, Ally Murphy, 2, 0, 0, 0, .000, 0, 0, 1, 0, 1, 0, 1, 0, 0, 0.5, 
6, Alex Erickson, 3, 1, 1, 2, .000, 0, 1, 1, 0, 3, 0, 0, 0, 0, 2.0, 
7, Abbi Klos, 3, 0, 0, 0, .000, 0, 0, 1, 2, 5, 0, 0, 0, 0, 0.0, 
8, Bella Lien, 2, 1, 2, 4, -.250, 0, 0, 0, 0, 1, 0, 2, 0, 0, 2.0, 
9, Emily Halverson, 3, 2, 0, 14, .143, 0, 0, 2, 0, 1, 2, 1, 0, 0, 4.5, 
10, Maggie Steffen, 3, 4, 4, 23, .000, 0, 1, 0, 0, 4, 0, 0, 0, 0, 5.0, 
11, Paige Schaffer, 1, 0, 0, 0, .000, 1, 0, 0, 0, 0, 0, 0, 0, 0, 0.0, 
12, Kaylee Hanger, 3, 0, 1, 1, -1.000, 2, 0, 1, 0, 11, 0, 0, 0, 0, 0.0, 
13, Alexis Bachmeier, 3, 7, 7, 34, .000, 0, 0, 0, 0, 12, 0, 0, 0, 0, 7.0, 
16, Kalli Hegerle, 3, 1, 3, 7, -.286, 23, 0, 1, 0, 7, 0, 2, 1, 1, 2.0, 
TM, TEAM, 2, 0, 0, 0, .000, 0, 0, 0, 2, 0, 0, 0, 0, 0, 0.0, 
Totals, 28, 24, 114, .035, 28, 2, 7, 4, 46, 2, 7, 1, 1, 35.5, 
~
TCU, 
, -- Attack --, , -- Serve --, , -- Block --, , , 
#, Player, SP, K, E, TA, K%, A, SA, SE, RE, DIGS, BS, BA, BE, BHE, PTS, 
1, elan McCall, 3, 10, 5, 30, .167, 1, 0, 1, 0, 10, 0, 4, 0, 0, 12.0, 
2, Ashley Kozer, 3, 1, 0, 2, .500, 33, 0, 1, 0, 6, 0, 1, 0, 0, 1.5, 
3, Sarah Langs, 3, 12, 2, 25, .400, 0, 0, 0, 0, 0, 0, 2, 0, 0, 13.0, 
4, Tori Dilfer, 3, 0, 0, 0, .000, 0, 1, 0, 0, 11, 0, 0, 0, 0, 1.0, 
5, Abigail Buckingham, 3, 2, 3, 12, -.083, 0, 1, 1, 1, 8, 1, 0, 0, 0, 4.0, 
6, Anna Walsh, 3, 6, 3, 15, .200, 0, 0, 0, 0, 0, 0, 4, 0, 0, 8.0, 
14, Lexi Maclean, 3, 0, 0, 0, .000, 2, 2, 0, 0, 14, 0, 0, 0, 0, 2.0, 
15, Paty Valle, 3, 7, 1, 14, .429, 0, 0, 0, 0, 1, 0, 1, 0, 0, 7.5, 
22, Ashley Waggle, 1, 0, 0, 0, .000, 0, 0, 1, 0, 1, 0, 0, 0, 0, 0.0, 
34, Sarah Swanson, 1, 0, 0, 3, .000, 0, 0, 0, 0, 0, 0, 0, 0, 0, 0.0, 
TM, TEAM, 1, 0, 0, 0, .000, 0, 0, 0, 1, 0, 0, 0, 0, 0, 0.0, 
Totals, 38, 14, 101, .238, 36, 4, 4, 2, 51, 1, 12, 0, 0, 49.0, 
~
