Final, 1, 2, 3, Score, 
Purdue Fort Wayne (18-14 (8-8)), 25, 13, 20, 0, 
Denver (27-1 (15-0)), 27, 25, 25, 3, 
~
Purdue Fort Wayne, 
, -- Attack --, , -- Serve --, , -- Block --, , , 
#, Player, SP, K, E, TA, K%, A, SA, SE, RE, DIGS, BS, BA, BE, BHE, PTS, 
1, Madison Jaqua, 3, 0, 0, 0, .000, 14, 1, 0, 0, 4, 0, 0, 0, 0, 1.0, 
5, Je'Bria Green, 3, 2, 3, 5, -.200, 0, 0, 0, 1, 0, 0, 2, 0, 0, 3.0, 
8, Elizabeth Fuerst, 3, 2, 4, 15, -.133, 1, 0, 0, 0, 0, 0, 0, 0, 0, 2.0, 
9, Katie Crowe, 3, 4, 3, 16, .062, 0, 0, 4, 1, 9, 0, 1, 1, 0, 4.5, 
13, Sydney Boerst, 3, 11, 0, 14, .786, 0, 1, 1, 0, 1, 0, 2, 1, 0, 13.0, 
24, Nicole Rightnowar, 3, 5, 4, 32, .031, 0, 0, 0, 1, 7, 0, 3, 1, 0, 6.5, 
2, Julia Wayer, 1, 0, 0, 0, .000, 0, 0, 0, 0, 0, 0, 0, 0, 0, 0.0, 
3, Elizabeth Britner, 3, 0, 0, 0, .000, 0, 0, 2, 1, 11, 0, 0, 0, 0, 0.0, 
4, Victoria Mills, 3, 0, 0, 0, .000, 15, 0, 1, 0, 4, 0, 0, 0, 0, 0.0, 
7, Taylor Duddleston, 2, 0, 0, 0, .000, 0, 0, 0, 1, 0, 0, 0, 0, 0, 0.0, 
14, Madelyn Wurster, 3, 7, 5, 19, .105, 0, 0, 0, 0, 0, 0, 0, 1, 0, 7.0, 
Totals, 31, 19, 101, .119, 30, 2, 8, 5, 36, 0, 8, 4, 0, 37.0, 
~
Denver, 
, -- Attack --, , -- Serve --, , -- Block --, , , 
#, Player, SP, K, E, TA, K%, A, SA, SE, RE, DIGS, BS, BA, BE, BHE, PTS, 
2, Katarina Marinkovic, 1, 1, 0, 1, 1.000, 1, 0, 0, 0, 0, 0, 0, 0, 0, 1.0, 
6, Ellie Anderson, 3, 2, 0, 2, 1.000, 22, 0, 0, 0, 10, 0, 0, 0, 0, 2.0, 
8, Becca Latham, 3, 9, 8, 27, .037, 0, 0, 0, 0, 4, 0, 0, 0, 0, 9.0, 
10, Lydia Bartalo, 3, 3, 3, 14, .000, 3, 1, 1, 1, 10, 0, 1, 0, 0, 4.5, 
13, Tina Boe, 3, 6, 1, 14, .357, 1, 1, 1, 0, 1, 1, 2, 0, 0, 9.0, 
15, Emma Willis, 3, 8, 2, 15, .400, 0, 0, 0, 0, 1, 0, 2, 0, 0, 9.0, 
1, Graceyn Tippens, 3, 8, 0, 18, .444, 0, 2, 2, 0, 4, 0, 2, 1, 0, 11.0, 
3, Andrea Eddy, 3, 2, 0, 2, 1.000, 11, 1, 2, 0, 5, 0, 0, 0, 3, 3.0, 
7, Lauren McManus, 2, 0, 0, 0, .000, 0, 0, 0, 0, 0, 0, 0, 0, 0, 0.0, 
12, Macy Carrabine, 3, 0, 0, 0, .000, 2, 0, 0, 1, 9, 0, 0, 0, 0, 0.0, 
14, Taylor Joachim, 3, 5, 1, 10, .400, 0, 0, 0, 0, 0, 0, 1, 0, 0, 5.5, 
TM, TEAM, 1, 0, 0, 0, .000, 0, 0, 1, 0, 0, 0, 0, 0, 0, 0.0, 
Totals, 44, 15, 103, .282, 40, 5, 7, 2, 44, 1, 8, 1, 3, 54.0, 
~
