Final, 1, 2, 3, 4, 5, Score, 
Denver (2-1), 25, 21, 20, 25, 14, 2, 
Utah (2-1), 23, 25, 25, 23, 16, 3, 
~
Denver, 
, -- Attack --, , -- Serve --, , -- Block --, , , 
#, Player, SP, K, E, TA, K%, A, SA, SE, RE, DIGS, BS, BA, BE, BHE, PTS, 
2, Katarina Marinkovic, 5, 18, 9, 49, .184, 1, 0, 4, 2, 12, 0, 3, 0, 0, 19.5, 
3, Andrea Eddy, 5, 0, 0, 1, .000, 22, 2, 2, 0, 8, 0, 0, 1, 1, 2.0, 
5, Olivia Novotny, 5, 0, 1, 1, -1.000, 5, 0, 4, 3, 13, 0, 0, 0, 0, 0.0, 
6, Ellie Anderson, 5, 1, 0, 2, .500, 32, 1, 0, 0, 13, 0, 0, 0, 0, 2.0, 
8, Becca Latham, 5, 15, 2, 33, .394, 0, 0, 0, 0, 2, 0, 3, 0, 0, 16.5, 
10, Lydia Bartalo, 5, 12, 8, 37, .108, 2, 0, 0, 3, 12, 1, 1, 0, 0, 13.5, 
12, Macy Carrabine, 2, 0, 0, 0, .000, 0, 0, 0, 0, 3, 0, 0, 0, 0, 0.0, 
13, Tina Boe, 5, 10, 2, 19, .421, 0, 1, 0, 0, 2, 0, 5, 0, 0, 13.5, 
14, Taylor Joachim, 5, 4, 0, 11, .364, 1, 0, 0, 0, 0, 0, 3, 0, 0, 5.5, 
15, Emma Willis, 5, 4, 1, 12, .250, 0, 0, 0, 0, 2, 0, 4, 0, 0, 6.0, 
16, Michelle Feliciano, 5, 0, 0, 0, .000, 0, 0, 0, 0, 0, 0, 0, 0, 0, 0.0, 
Totals, 64, 23, 165, .248, 63, 4, 10, 8, 67, 1, 19, 1, 1, 78.5, 
~
Utah, 
, -- Attack --, , -- Serve --, , -- Block --, , , 
#, Player, SP, K, E, TA, K%, A, SA, SE, RE, DIGS, BS, BA, BE, BHE, PTS, 
1, Dani Drews, 5, 24, 11, 57, .228, 0, 2, 2, 1, 15, 0, 1, 0, 0, 26.5, 
2, Taylor Laugero, 5, 0, 0, 1, .000, 0, 0, 0, 1, 6, 0, 0, 0, 0, 0.0, 
4, Kenzie Koerber, 5, 7, 2, 21, .238, 0, 0, 2, 1, 0, 2, 2, 2, 0, 10.0, 
5, Lauga Gauta, 5, 17, 8, 42, .214, 2, 1, 3, 1, 14, 0, 1, 1, 0, 18.5, 
8, Bailey Choy, 5, 2, 0, 5, .400, 49, 0, 1, 0, 6, 0, 2, 0, 1, 3.0, 
9, Saige Ka'aha'aina-Torres, 3, 0, 0, 1, .000, 9, 0, 0, 0, 2, 0, 0, 0, 1, 0.0, 
10, Kennedi Evans, 4, 3, 1, 7, .286, 0, 0, 0, 0, 0, 0, 3, 0, 0, 4.5, 
12, Berkeley Oblad, 1, 2, 3, 5, -.200, 0, 0, 0, 0, 0, 0, 2, 0, 0, 3.0, 
13, Kinga Windisch, 5, 0, 0, 0, .000, 0, 1, 0, 0, 1, 0, 0, 0, 0, 1.0, 
17, Brianna Doehrmann, 5, 0, 0, 0, .000, 4, 2, 1, 0, 20, 0, 0, 0, 0, 2.0, 
18, Lauren Sproule, 3, 2, 0, 5, .400, 0, 0, 0, 0, 0, 0, 3, 0, 0, 3.5, 
19, Phoebe Grace, 5, 13, 0, 23, .565, 0, 2, 1, 0, 1, 1, 4, 0, 0, 18.0, 
Totals, 70, 25, 167, .269, 64, 8, 10, 4, 65, 3, 18, 3, 2, 90.0, 
~
