Final, 1, 2, 3, 4, Score, 
North Dakota State (7-16, 5-7), 25, 26, 25, 25, 3, 
South Dakota State (4-20, 1-10), 23, 28, 19, 19, 1, 
~
North Dakota State, 
, -- Attack --, , -- Serve --, , -- Block --, , , 
#, Player, SP, K, E, TA, K%, A, SA, SE, RE, DIGS, BS, BA, BE, BHE, PTS, 
2, Allie Mauch, 3, 7, 2, 18, .278, 0, 0, 0, 0, 2, 0, 1, 0, 0, 7.5, 
4, Ally Murphy, 3, 7, 0, 14, .500, 1, 0, 0, 0, 2, 0, 0, 0, 0, 7.0, 
5, McKenzie Burke, 4, 15, 5, 48, .208, 1, 0, 0, 1, 18, 0, 1, 0, 0, 15.5, 
6, Alex Erickson, 1, 0, 0, 1, .000, 0, 0, 0, 0, 0, 0, 0, 0, 0, 0.0, 
7, Abbi Klos, 4, 0, 0, 1, .000, 1, 1, 0, 1, 17, 0, 0, 0, 1, 1.0, 
8, Bella Lien, 4, 5, 0, 9, .556, 0, 0, 0, 0, 0, 1, 0, 1, 0, 6.0, 
9, Emily Halverson, 4, 8, 3, 19, .263, 0, 0, 2, 0, 3, 0, 4, 0, 0, 10.0, 
11, Paige Schaffer, 1, 1, 1, 2, .000, 0, 0, 0, 0, 0, 0, 0, 0, 0, 1.0, 
12, Kaylee Hanger, 4, 0, 0, 2, .000, 2, 2, 1, 0, 12, 0, 0, 0, 0, 2.0, 
13, Alexis Bachmeier, 4, 17, 6, 40, .275, 1, 1, 0, 1, 20, 0, 1, 0, 0, 18.5, 
16, Kalli Hegerle, 4, 3, 1, 8, .250, 54, 1, 1, 0, 16, 0, 1, 0, 1, 4.5, 
TM, TEAM, 1, 0, 0, 0, .000, 0, 0, 0, 1, 0, 0, 0, 0, 0, 0.0, 
Totals, 63, 18, 162, .278, 60, 5, 4, 4, 90, 1, 8, 1, 2, 73.0, 
~
South Dakota State, 
, -- Attack --, , -- Serve --, , -- Block --, , , 
#, Player, SP, K, E, TA, K%, A, SA, SE, RE, DIGS, BS, BA, BE, BHE, PTS, 
1, Sierra Peterson, 4, 9, 0, 29, .310, 0, 0, 0, 0, 0, 0, 2, 1, 0, 10.0, 
2, Kari Brucker, 2, 0, 0, 0, .000, 0, 0, 0, 0, 0, 0, 0, 0, 0, 0.0, 
3, Makenzie Hennen, 4, 16, 4, 49, .245, 0, 0, 1, 2, 10, 1, 4, 1, 0, 19.0, 
4, Ashlynn Smith, 4, 9, 6, 33, .091, 0, 0, 0, 0, 3, 0, 0, 0, 0, 9.0, 
7, Mattison Munger, 4, 1, 0, 4, .250, 23, 2, 0, 0, 10, 0, 0, 0, 4, 3.0, 
9, Crystal Burk, 4, 13, 6, 34, .206, 1, 0, 1, 3, 16, 0, 0, 0, 0, 13.0, 
11, Payton Richardson, 4, 4, 0, 7, .571, 0, 0, 0, 0, 2, 0, 3, 1, 0, 5.5, 
12, Ellie Thein, 4, 0, 0, 0, .000, 4, 1, 1, 0, 22, 0, 0, 0, 1, 1.0, 
15, Sydney Andrews, 4, 6, 6, 23, .000, 0, 0, 1, 0, 3, 1, 3, 0, 0, 8.5, 
18, Maddie Fay, 4, 0, 0, 2, .000, 28, 1, 1, 0, 8, 0, 0, 0, 0, 1.0, 
Totals, 58, 22, 181, .199, 56, 4, 5, 5, 74, 2, 12, 3, 5, 70.0, 
~
