Final, 1, 2, 3, 4, Score, 
Purdue Fort Wayne (5-4), 30, 17, 19, 17, 1, 
Fla. Atlantic (4-3), 28, 25, 25, 25, 3, 
~
Purdue Fort Wayne, 
, -- Attack --, , -- Serve --, , -- Block --, , , 
#, Player, SP, K, E, TA, K%, A, SA, SE, RE, DIGS, BS, BA, BE, BHE, PTS, 
1, Madison Jaqua, 4, 0, 0, 2, .000, 37, 0, 1, 0, 6, 0, 2, 0, 0, 1.0, 
3, Elizabeth Britner, 4, 0, 0, 0, .000, 2, 0, 2, 2, 14, 0, 0, 0, 0, 0.0, 
4, Victoria Mills, 4, 0, 0, 0, .000, 0, 0, 1, 0, 8, 0, 0, 0, 0, 0.0, 
5, Je'Bria Green, 3, 4, 1, 8, .375, 0, 0, 0, 0, 1, 0, 2, 0, 0, 5.0, 
6, Madison Gates, 2, 0, 1, 1, -1.000, 7, 0, 0, 0, 3, 0, 0, 0, 0, 0.0, 
7, Taylor Duddleston, 1, 0, 0, 0, .000, 0, 0, 0, 0, 0, 0, 0, 0, 0, 0.0, 
8, Elizabeth Fuerst, 4, 10, 3, 23, .304, 0, 0, 0, 0, 1, 0, 5, 0, 0, 12.5, 
9, Katie Crowe, 4, 6, 6, 26, .000, 0, 0, 0, 3, 7, 0, 1, 0, 0, 6.5, 
10, Sandra Hoevels, 2, 2, 2, 8, .000, 0, 0, 0, 0, 0, 0, 1, 0, 0, 2.5, 
13, Sydney Boerst, 4, 6, 6, 21, .000, 0, 0, 0, 0, 2, 1, 6, 0, 0, 10.0, 
14, Madelyn Wurster, 2, 4, 1, 8, .375, 0, 0, 0, 0, 0, 0, 0, 0, 0, 4.0, 
24, Nicole Rightnowar, 4, 16, 7, 59, .153, 1, 2, 1, 1, 9, 0, 1, 1, 0, 18.5, 
TM, TEAM, 1, 0, 0, 0, .000, 0, 0, 0, 1, 0, 0, 0, 0, 0, 0.0, 
Totals, 48, 27, 156, .135, 47, 2, 5, 7, 51, 1, 18, 1, 0, 60.0, 
~
Fla. Atlantic, 
, -- Attack --, , -- Serve --, , -- Block --, , , 
#, Player, SP, K, E, TA, K%, A, SA, SE, RE, DIGS, BS, BA, BE, BHE, PTS, 
2, Cailea Gibbs, 4, 5, 6, 16, -.062, 0, 0, 0, 0, 3, 0, 4, 0, 0, 7.0, 
4, Sydney Riggs, 4, 8, 2, 18, .333, 4, 3, 1, 1, 9, 1, 3, 0, 0, 13.5, 
5, Dena Tekavec, 4, 0, 0, 0, .000, 0, 0, 0, 0, 0, 0, 0, 0, 0, 0.0, 
7, Emily Hise, 1, 0, 0, 0, .000, 0, 0, 0, 0, 0, 0, 0, 0, 0, 0.0, 
8, Alex Cardona, 4, 0, 0, 0, .000, 2, 0, 0, 0, 15, 0, 0, 0, 0, 0.0, 
9, Kori Varney, 4, 0, 0, 0, .000, 0, 0, 1, 0, 10, 0, 0, 0, 0, 0.0, 
10, Abbi Reid, 4, 11, 2, 18, .500, 0, 1, 1, 0, 5, 0, 5, 0, 0, 14.5, 
12, Sigourney Kame, 4, 16, 8, 35, .229, 1, 0, 0, 0, 2, 0, 2, 0, 0, 17.0, 
13, Massiel Matos, 4, 16, 4, 45, .267, 2, 2, 1, 0, 13, 0, 2, 0, 0, 19.0, 
14, Ivone Martinez, 4, 5, 2, 9, .333, 51, 1, 1, 0, 12, 0, 2, 0, 1, 7.0, 
16, Sydney Nemtuda, 1, 2, 1, 8, .125, 0, 0, 0, 1, 0, 0, 0, 0, 0, 2.0, 
Totals, 63, 25, 149, .255, 60, 7, 5, 2, 69, 1, 18, 0, 1, 80.0, 
~
