Final, 1, 2, 3, Score, 
North Dakota (12-11, 4-3), 15, 21, 10, 0, 
Pittsburgh (18-0, 6-0), 25, 25, 25, 3, 
~
North Dakota, 
, -- Attack --, , -- Serve --, , -- Block --, , , 
#, Player, SP, K, E, TA, K%, A, SA, SE, RE, DIGS, BS, BA, BE, BHE, PTS, 
0, Kayla Williams, 3, 5, 3, 17, .118, 0, 0, 1, 1, 4, 0, 2, 0, 0, 6.0, 
1, Darian Chwialkowski, 2, 1, 2, 5, -.200, 0, 0, 0, 1, 0, 0, 0, 0, 0, 1.0, 
2, Brynn Nieukirk, 3, 3, 3, 12, .000, 0, 0, 0, 0, 1, 0, 1, 2, 0, 3.5, 
4, Taliyah Flores, 3, 0, 0, 0, .000, 1, 0, 1, 1, 7, 0, 0, 0, 0, 0.0, 
5, Alivia Fraase, 3, 0, 0, 0, .000, 0, 0, 0, 1, 4, 0, 0, 0, 0, 0.0, 
7, Lexi Ahrens, 1, 2, 1, 6, .167, 0, 0, 0, 0, 0, 0, 0, 0, 0, 2.0, 
8, Lydia Rutten, 3, 8, 2, 15, .400, 1, 0, 0, 0, 1, 0, 3, 0, 0, 9.5, 
9, Roosa Rautio, 3, 0, 2, 4, -.500, 25, 0, 0, 0, 0, 0, 1, 0, 1, 0.5, 
12, Jordan Vail, 3, 8, 0, 11, .727, 0, 0, 0, 0, 0, 0, 3, 0, 0, 9.5, 
16, Maggie Smith, 2, 0, 0, 0, .000, 0, 2, 1, 0, 0, 0, 0, 0, 0, 2.0, 
17, Tamika Brekke, 3, 0, 0, 0, .000, 0, 0, 0, 1, 3, 0, 0, 0, 0, 0.0, 
18, Ashley Brueggeman, 3, 1, 6, 16, -.312, 0, 0, 0, 0, 3, 0, 2, 0, 0, 2.0, 
Totals, 28, 19, 86, .105, 27, 2, 3, 5, 23, 0, 12, 2, 1, 36.0, 
~
Pittsburgh, 
, -- Attack --, , -- Serve --, , -- Block --, , , 
#, Player, SP, K, E, TA, K%, A, SA, SE, RE, DIGS, BS, BA, BE, BHE, PTS, 
1, Hanna Markewycz, 1, 0, 0, 0, .000, 0, 0, 0, 1, 0, 0, 0, 0, 0, 0.0, 
3, Kamalani Akeo, 3, 0, 0, 0, .000, 22, 0, 0, 0, 8, 0, 0, 0, 0, 0.0, 
4, Emily Horner, 1, 0, 0, 0, .000, 0, 0, 0, 0, 0, 0, 0, 0, 0, 0.0, 
5, Chinaza Ndee, 3, 4, 0, 6, .667, 0, 0, 0, 0, 2, 0, 1, 0, 0, 4.5, 
6, Kylee Levers, 3, 0, 0, 0, .000, 15, 0, 0, 0, 0, 0, 0, 1, 0, 0.0, 
7, Layne Van Buskirk, 3, 8, 2, 12, .500, 0, 0, 0, 0, 0, 0, 3, 1, 0, 9.5, 
9, Alix Dreier, 1, 2, 1, 5, .200, 1, 0, 0, 0, 0, 0, 2, 0, 0, 3.0, 
10, Zoi Faki, 2, 4, 0, 6, .667, 0, 1, 0, 0, 5, 0, 0, 0, 0, 5.0, 
11, Sabrina Starks, 2, 5, 2, 9, .333, 0, 0, 0, 0, 0, 1, 1, 0, 0, 6.5, 
12, Avery Perosa, 2, 0, 0, 0, .000, 0, 0, 0, 0, 1, 0, 0, 0, 0, 0.0, 
13, Stephanie Williams, 3, 7, 3, 15, .267, 0, 2, 1, 1, 5, 0, 1, 0, 0, 9.5, 
16, Angela Seman, 3, 0, 0, 0, .000, 3, 1, 0, 0, 10, 0, 0, 0, 0, 1.0, 
17, Nika Markovic, 3, 11, 0, 19, .579, 0, 0, 0, 0, 3, 0, 2, 0, 0, 12.0, 
23, Kayla Lund, 2, 5, 6, 16, -.062, 0, 1, 0, 0, 3, 1, 0, 0, 0, 7.0, 
Totals, 46, 14, 88, .364, 41, 5, 1, 2, 37, 2, 10, 2, 0, 58.0, 
~
