Final, 1, 2, 3, 4, Score, 
Purdue Fort Wayne (4-3), 25, 25, 21, 25, 3, 
Niagara (0-5), 21, 10, 25, 17, 1, 
~
Purdue Fort Wayne, 
, -- Attack --, , -- Serve --, , -- Block --, , , 
#, Player, SP, K, E, TA, K%, A, SA, SE, RE, DIGS, BS, BA, BE, BHE, PTS, 
1, Madison Jaqua, 4, 3, 2, 8, .125, 47, 1, 2, 0, 11, 0, 0, 0, 1, 4.0, 
2, Julia Wayer, 3, 0, 0, 0, .000, 4, 0, 3, 0, 11, 0, 0, 0, 1, 0.0, 
3, Elizabeth Britner, 4, 0, 1, 2, -.500, 2, 1, 4, 0, 9, 0, 0, 0, 0, 1.0, 
4, Victoria Mills, 4, 0, 0, 0, .000, 6, 0, 0, 0, 10, 0, 0, 0, 0, 0.0, 
5, Je'Bria Green, 1, 1, 0, 1, 1.000, 0, 0, 0, 0, 0, 0, 1, 0, 0, 1.5, 
8, Elizabeth Fuerst, 4, 14, 4, 32, .312, 0, 0, 0, 0, 5, 0, 3, 1, 0, 15.5, 
9, Katie Crowe, 4, 8, 2, 22, .273, 0, 1, 1, 0, 8, 0, 2, 0, 0, 10.0, 
10, Sandra Hoevels, 4, 7, 2, 15, .333, 0, 0, 0, 0, 1, 0, 1, 1, 0, 7.5, 
13, Sydney Boerst, 4, 10, 5, 18, .278, 0, 0, 0, 0, 1, 0, 3, 0, 0, 11.5, 
14, Madelyn Wurster, 2, 4, 0, 5, .800, 0, 0, 0, 0, 0, 0, 0, 0, 0, 4.0, 
24, Nicole Rightnowar, 4, 15, 2, 46, .283, 0, 2, 0, 2, 13, 0, 0, 0, 0, 17.0, 
Totals, 62, 18, 149, .295, 59, 5, 10, 2, 69, 0, 10, 2, 2, 72.0, 
~
Niagara, 
, -- Attack --, , -- Serve --, , -- Block --, , , 
#, Player, SP, K, E, TA, K%, A, SA, SE, RE, DIGS, BS, BA, BE, BHE, PTS, 
1, Jessica Streuer, 4, 1, 0, 4, .250, 17, 0, 1, 0, 10, 0, 0, 0, 1, 1.0, 
2, Cameron Maris, 4, 2, 1, 5, .200, 0, 0, 0, 0, 1, 1, 0, 1, 0, 3.0, 
4, Jaycie Roberts, 4, 9, 5, 25, .160, 3, 0, 0, 0, 15, 0, 0, 0, 0, 9.0, 
5, Mary Redl, 4, 3, 3, 20, .000, 0, 0, 0, 0, 4, 1, 1, 0, 0, 4.5, 
8, Emillie Wright, 2, 0, 0, 1, .000, 2, 0, 0, 3, 11, 0, 0, 0, 0, 0.0, 
9, Mirna Kovacevic, 4, 2, 1, 5, .200, 11, 1, 0, 0, 5, 0, 0, 0, 1, 3.0, 
10, Alex Paris, 2, 3, 6, 17, -.176, 0, 0, 0, 1, 0, 0, 0, 0, 0, 3.0, 
11, Caroline Leitch, 4, 12, 5, 41, .171, 2, 0, 0, 0, 4, 1, 1, 0, 0, 13.5, 
12, Reva Blitz, 2, 1, 0, 2, .500, 1, 0, 0, 1, 10, 0, 0, 0, 0, 1.0, 
13, Grace Hetterscheidt, 4, 6, 4, 15, .133, 2, 1, 1, 0, 1, 0, 2, 0, 0, 8.0, 
15, Jada Carrol, 2, 2, 0, 6, .333, 0, 0, 0, 0, 0, 0, 0, 0, 0, 2.0, 
Totals, 41, 25, 141, .113, 38, 2, 2, 5, 61, 3, 4, 1, 2, 48.0, 
~
