Final, 1, 2, 3, Score, 
Denver (21-1, 10-0), 25, 25, 25, 3, 
South Dakota State (4-19, 1-9), 18, 16, 18, 0, 
~
Denver, 
, -- Attack --, , -- Serve --, , -- Block --, , , 
#, Player, SP, K, E, TA, K%, A, SA, SE, RE, DIGS, BS, BA, BE, BHE, PTS, 
1, Graceyn Tippens, 1, 1, 0, 3, .333, 0, 0, 0, 0, 0, 0, 0, 0, 0, 1.0, 
2, Katarina Marinkovic, 3, 10, 5, 26, .192, 0, 0, 3, 1, 2, 0, 3, 0, 0, 11.5, 
3, Andrea Eddy, 3, 0, 0, 0, .000, 16, 0, 1, 0, 9, 0, 0, 0, 0, 0.0, 
5, Olivia Novotny, 1, 0, 0, 0, .000, 0, 0, 0, 0, 0, 0, 0, 0, 0, 0.0, 
6, Ellie Anderson, 3, 0, 0, 0, .000, 16, 1, 0, 0, 4, 0, 0, 0, 0, 1.0, 
7, Lauren McManus, 2, 0, 0, 0, .000, 0, 0, 0, 0, 1, 0, 0, 0, 0, 0.0, 
8, Becca Latham, 3, 9, 2, 15, .467, 1, 0, 0, 0, 0, 0, 2, 0, 0, 10.0, 
9, Mara Abernethy, 1, 0, 1, 2, -.500, 0, 0, 0, 0, 0, 0, 1, 0, 0, 0.5, 
10, Lydia Bartalo, 3, 8, 3, 14, .357, 0, 7, 3, 0, 5, 0, 1, 0, 0, 15.5, 
11, Michelle Feliciano, 1, 0, 0, 0, .000, 2, 0, 0, 0, 1, 0, 0, 0, 0, 0.0, 
12, Macy Carrabine, 3, 0, 0, 0, .000, 4, 3, 2, 0, 10, 0, 0, 0, 0, 3.0, 
13, Tina Boe, 3, 3, 2, 8, .125, 0, 0, 2, 0, 1, 0, 4, 0, 0, 5.0, 
14, Taylor Joachim, 2, 5, 1, 14, .286, 0, 0, 0, 0, 0, 0, 0, 0, 0, 5.0, 
15, Emma Willis, 3, 5, 0, 7, .714, 0, 0, 0, 0, 0, 0, 1, 0, 0, 5.5, 
17, Katie Mahoney, 1, 0, 1, 3, -.333, 0, 0, 0, 0, 0, 0, 0, 0, 0, 0.0, 
TM, TEAM, 2, 0, 0, 0, .000, 0, 0, 0, 2, 0, 0, 0, 0, 0, 0.0, 
Totals, 41, 15, 92, .283, 39, 11, 11, 3, 33, 0, 12, 0, 0, 58.0, 
~
South Dakota State, 
, -- Attack --, , -- Serve --, , -- Block --, , , 
#, Player, SP, K, E, TA, K%, A, SA, SE, RE, DIGS, BS, BA, BE, BHE, PTS, 
1, Sierra Peterson, 3, 7, 3, 16, .250, 0, 0, 0, 0, 2, 0, 0, 0, 0, 7.0, 
2, Kari Brucker, 3, 0, 0, 0, .000, 0, 0, 0, 2, 4, 0, 0, 0, 0, 0.0, 
3, Makenzie Hennen, 3, 8, 3, 17, .294, 0, 0, 0, 2, 3, 0, 3, 1, 0, 9.5, 
4, Ashlynn Smith, 3, 6, 6, 16, .000, 0, 0, 0, 0, 2, 1, 0, 0, 0, 7.0, 
7, Mattison Munger, 3, 0, 0, 1, .000, 11, 0, 0, 0, 5, 0, 0, 0, 0, 0.0, 
9, Crystal Burk, 3, 1, 6, 14, -.357, 0, 0, 0, 0, 4, 0, 0, 1, 0, 1.0, 
11, Payton Richardson, 3, 1, 1, 7, .000, 0, 0, 0, 0, 0, 0, 3, 0, 0, 2.5, 
12, Ellie Thein, 3, 0, 0, 0, .000, 1, 2, 0, 5, 9, 0, 0, 0, 0, 2.0, 
15, Sydney Andrews, 3, 0, 1, 6, -.167, 0, 1, 2, 0, 0, 0, 0, 0, 0, 1.0, 
17, Shelby Kaup, 1, 0, 0, 0, .000, 0, 0, 0, 0, 0, 0, 0, 0, 0, 0.0, 
18, Maddie Fay, 3, 0, 0, 0, .000, 10, 0, 0, 1, 2, 0, 0, 0, 0, 0.0, 
TM, TEAM, 1, 0, 0, 0, .000, 0, 0, 0, 1, 0, 0, 0, 0, 0, 0.0, 
Totals, 23, 20, 77, .039, 22, 3, 2, 11, 31, 1, 6, 2, 0, 30.0, 
~
