Final, 1, 2, 3, Score, 
Idaho St. (5-6), 19, 20, 20, 0, 
Denver (8-1), 25, 25, 25, 3, 
~
Idaho St., 
, -- Attack --, , -- Serve --, , -- Block --, , , 
#, Player, SP, K, E, TA, K%, A, SA, SE, RE, DIGS, BS, BA, BE, BHE, PTS, 
1, SIMMONS, Alexis, 3, 0, 0, 0, .000, 0, 1, 0, 0, 5, 0, 0, 0, 0, 1.0, 
2, LEE, Nicole, 3, 8, 7, 30, .033, 1, 0, 0, 0, 1, 0, 0, 0, 0, 8.0, 
5, COOK, Nikole, 1, 0, 0, 0, .000, 0, 0, 0, 0, 0, 0, 0, 0, 0, 0.0, 
6, STEINER, Raegan, 3, 5, 2, 10, .300, 0, 0, 0, 0, 1, 0, 2, 0, 1, 6.0, 
7, KECK, Haylie, 3, 0, 0, 0, .000, 3, 0, 0, 5, 10, 0, 0, 0, 0, 0.0, 
9, MORATZKA, Duquesne, 1, 1, 0, 1, 1.000, 0, 0, 0, 0, 0, 0, 0, 0, 0, 1.0, 
11, JOHNSON, Chelsea, 3, 0, 0, 3, .000, 31, 0, 0, 0, 10, 0, 2, 0, 0, 1.0, 
13, BRADBURN, Mahala, 3, 1, 0, 1, 1.000, 0, 0, 0, 1, 4, 0, 0, 0, 0, 1.0, 
14, PEHRSON, Brooke, 3, 7, 4, 12, .250, 0, 1, 1, 0, 0, 1, 3, 1, 0, 10.5, 
23, MEEKS, Taylor, 3, 1, 4, 8, -.375, 0, 0, 0, 0, 0, 0, 1, 0, 0, 1.5, 
24, GARRITY, Abby, 3, 14, 3, 31, .355, 0, 0, 0, 1, 3, 0, 0, 0, 0, 14.0, 
Totals, 37, 20, 96, .177, 35, 2, 1, 7, 34, 1, 8, 1, 1, 44.0, 
~
Denver, 
, -- Attack --, , -- Serve --, , -- Block --, , , 
#, Player, SP, K, E, TA, K%, A, SA, SE, RE, DIGS, BS, BA, BE, BHE, PTS, 
2, Katarina Marinkovic, 3, 12, 2, 24, .417, 0, 0, 0, 0, 6, 0, 2, 0, 0, 13.0, 
3, Andrea Eddy, 3, 0, 0, 0, .000, 17, 1, 2, 0, 5, 0, 0, 0, 0, 1.0, 
5, Olivia Novotny, 3, 0, 0, 0, .000, 3, 1, 1, 0, 13, 0, 0, 0, 0, 1.0, 
6, Ellie Anderson, 3, 0, 0, 1, .000, 23, 0, 2, 0, 5, 0, 0, 0, 0, 0.0, 
7, Lauren McManus, 2, 0, 0, 0, .000, 0, 0, 0, 0, 0, 0, 0, 0, 0, 0.0, 
8, Becca Latham, 3, 9, 1, 15, .533, 1, 0, 0, 0, 0, 0, 2, 0, 0, 10.0, 
10, Lydia Bartalo, 3, 11, 4, 22, .318, 0, 4, 2, 2, 5, 0, 3, 0, 0, 16.5, 
13, Tina Boe, 3, 6, 2, 15, .267, 0, 1, 0, 0, 0, 0, 4, 0, 0, 9.0, 
14, Taylor Joachim, 3, 5, 0, 13, .385, 0, 0, 0, 0, 0, 0, 2, 1, 0, 6.0, 
15, Emma Willis, 3, 3, 1, 5, .400, 0, 0, 0, 0, 0, 0, 5, 0, 0, 5.5, 
Totals, 46, 10, 95, .379, 44, 7, 7, 2, 34, 0, 18, 1, 0, 62.0, 
~
