Final, 1, 2, 3, Score, 
Western Illinois (1-6), 15, 23, 15, 0, 
Albany (N.Y.) (2-5), 25, 25, 25, 3, 
~
Western Illinois, 
, -- Attack --, , -- Serve --, , -- Block --, , , 
#, Player, SP, K, E, TA, K%, A, SA, SE, RE, DIGS, BS, BA, BE, BHE, PTS, 
1, Shaela Gray, 1, 0, 1, 3, -.333, 0, 0, 0, 0, 2, 0, 0, 0, 0, 0.0, 
2, Aleezah Washington, 1, 0, 1, 3, -.333, 0, 0, 0, 0, 2, 0, 1, 0, 0, 0.5, 
3, Shiah Sanders, 2, 2, 1, 12, .083, 0, 0, 0, 0, 4, 0, 0, 0, 0, 2.0, 
5, Jaime Johnson, 3, 0, 2, 5, -.400, 18, 0, 0, 0, 6, 0, 0, 0, 2, 0.0, 
6, Mariah Mitchell, 2, 2, 0, 10, .200, 0, 0, 0, 0, 1, 0, 0, 0, 0, 2.0, 
7, Melanie Patenaude, 3, 7, 6, 32, .031, 0, 0, 2, 1, 7, 0, 1, 0, 0, 7.5, 
8, Claire Grove, 3, 0, 0, 1, .000, 1, 0, 1, 1, 14, 0, 0, 0, 0, 0.0, 
11, Abby Knoop, 1, 3, 0, 10, .300, 0, 0, 0, 0, 1, 0, 0, 0, 0, 3.0, 
12, Erika Moore, 3, 1, 0, 1, 1.000, 0, 0, 0, 2, 5, 0, 0, 0, 0, 1.0, 
14, Cassie Hunt, 2, 0, 0, 0, .000, 7, 1, 1, 0, 4, 0, 0, 0, 1, 1.0, 
15, Mackenzie Steckler, 3, 11, 1, 15, .667, 1, 0, 1, 0, 0, 0, 2, 0, 1, 12.0, 
17, Riley Schumacher, 3, 3, 1, 8, .250, 0, 0, 0, 0, 0, 1, 0, 0, 0, 4.0, 
24, Emma Norris, 2, 0, 2, 6, -.333, 0, 0, 0, 2, 2, 0, 0, 0, 0, 0.0, 
TM, TEAM, 1, 0, 0, 0, .000, 0, 0, 0, 1, 0, 0, 0, 0, 0, 0.0, 
Totals, 29, 15, 106, .132, 27, 1, 5, 7, 48, 1, 4, 0, 4, 33.0, 
~
Albany (N.Y.), 
, -- Attack --, , -- Serve --, , -- Block --, , , 
#, Player, SP, K, E, TA, K%, A, SA, SE, RE, DIGS, BS, BA, BE, BHE, PTS, 
3, MACKEN, Charlotte, 3, 0, 2, 3, -.667, 1, 2, 3, 0, 8, 0, 0, 0, 1, 2.0, 
7, OTERO, Nicole, 3, 0, 0, 0, .000, 5, 0, 0, 1, 18, 0, 0, 0, 0, 0.0, 
9, EVERING, Chloe, 3, 7, 2, 22, .227, 0, 0, 0, 0, 1, 0, 0, 0, 0, 7.0, 
11, CAMERON, Kelly, 3, 2, 0, 4, .500, 36, 2, 0, 0, 7, 0, 1, 0, 1, 4.5, 
15, COZAD, Grace, 3, 9, 5, 32, .125, 0, 2, 1, 0, 7, 0, 0, 1, 0, 11.0, 
20, O'CONNELL, Courtney, 3, 4, 0, 11, .364, 0, 0, 0, 0, 0, 0, 2, 0, 0, 5.0, 
23, TEDESCO, Danielle, 3, 8, 2, 18, .333, 0, 0, 1, 0, 3, 0, 1, 0, 0, 8.5, 
25, CHALUPA, Anna, 3, 0, 0, 1, .000, 0, 1, 2, 0, 11, 0, 0, 0, 0, 1.0, 
34, OKENWA, Akuabata, 3, 14, 2, 24, .500, 0, 0, 0, 0, 1, 0, 2, 0, 0, 15.0, 
TM, TEAM, 2, 0, 0, 0, .000, 0, 0, 0, 0, 0, 0, 0, 0, 0, 0.0, 
Totals, 44, 13, 115, .270, 42, 7, 7, 1, 56, 0, 6, 1, 2, 54.0, 
~
