Final, 1, 2, 3, Score, 
Western Caro. (3-1), 19, 19, 16, 0, 
North Dakota (3-3), 25, 25, 25, 3, 
~
Western Caro., 
, -- Attack --, , -- Serve --, , -- Block --, , , 
#, Player, SP, K, E, TA, K%, A, SA, SE, RE, DIGS, BS, BA, BE, BHE, PTS, 
2, Meagan Sanchez, 3, 0, 1, 1, -1.000, 3, 2, 2, 2, 10, 0, 0, 0, 0, 2.0, 
4, Caroline Perret, 2, 0, 0, 1, .000, 0, 1, 0, 0, 1, 0, 0, 0, 0, 1.0, 
6, Emma Tynan, 3, 0, 0, 0, .000, 0, 1, 0, 0, 0, 0, 0, 0, 0, 1.0, 
7, Madison McNally, 1, 1, 0, 1, 1.000, 0, 0, 0, 0, 0, 0, 0, 0, 0, 1.0, 
8, Hannah Price, 3, 4, 7, 13, -.231, 13, 0, 0, 0, 9, 0, 0, 0, 0, 4.0, 
12, Haley Multerer, 1, 3, 0, 5, .600, 0, 0, 0, 0, 0, 0, 0, 0, 0, 3.0, 
13, Merry Gebel, 3, 4, 1, 24, .125, 0, 1, 0, 0, 5, 0, 0, 0, 0, 5.0, 
15, MaKenzie White, 3, 5, 3, 18, .111, 0, 0, 0, 1, 4, 0, 0, 0, 0, 5.0, 
16, Jada Gardner, 3, 1, 2, 7, -.143, 0, 0, 0, 0, 0, 0, 1, 0, 0, 1.5, 
17, Abigail Veit, 3, 1, 3, 13, -.154, 1, 0, 1, 5, 5, 0, 2, 1, 0, 2.0, 
18, Sydney Carlson, 3, 1, 0, 2, .500, 5, 0, 0, 0, 3, 0, 0, 0, 0, 1.0, 
21, Aleah Keaton, 3, 5, 3, 13, .154, 0, 0, 0, 0, 2, 0, 1, 0, 0, 5.5, 
Totals, 25, 20, 98, .051, 22, 5, 3, 8, 39, 0, 4, 1, 0, 32.0, 
~
North Dakota, 
, -- Attack --, , -- Serve --, , -- Block --, , , 
#, Player, SP, K, E, TA, K%, A, SA, SE, RE, DIGS, BS, BA, BE, BHE, PTS, 
0, Kayla Williams, 3, 11, 2, 27, .333, 0, 2, 2, 2, 6, 1, 1, 0, 0, 14.5, 
2, Brynn Nieukirk, 2, 5, 2, 13, .231, 0, 0, 0, 0, 1, 1, 2, 0, 0, 7.0, 
4, Taliyah Flores, 3, 0, 0, 1, .000, 1, 1, 0, 2, 8, 0, 0, 0, 0, 1.0, 
5, Alivia Fraase, 3, 1, 0, 1, 1.000, 1, 2, 0, 1, 18, 0, 0, 0, 0, 3.0, 
7, Lexi Ahrens, 1, 1, 2, 4, -.250, 0, 0, 0, 0, 0, 0, 0, 0, 0, 1.0, 
8, Lydia Rutten, 2, 1, 1, 4, .000, 0, 0, 1, 0, 0, 0, 2, 1, 0, 2.0, 
9, Roosa Rautio, 3, 1, 0, 4, .250, 32, 0, 1, 0, 5, 0, 2, 0, 0, 2.0, 
11, Julia Vetter, 1, 0, 0, 0, .000, 5, 0, 0, 0, 2, 0, 0, 0, 0, 0.0, 
12, Jordan Vail, 3, 8, 3, 22, .227, 0, 0, 1, 0, 0, 2, 2, 0, 0, 11.0, 
14, Kelly Wahl, 1, 1, 0, 3, .333, 0, 0, 0, 0, 0, 0, 0, 0, 0, 1.0, 
15, Taylor Riedl, 1, 4, 2, 8, .250, 0, 0, 0, 0, 0, 0, 0, 0, 0, 4.0, 
16, Maggie Smith, 1, 0, 0, 0, .000, 0, 0, 0, 0, 0, 0, 0, 0, 0, 0.0, 
17, Tamika Brekke, 3, 0, 0, 0, .000, 0, 1, 0, 0, 5, 0, 0, 0, 0, 1.0, 
18, Ashley Brueggeman, 3, 10, 3, 16, .438, 0, 0, 1, 0, 2, 0, 0, 0, 0, 10.0, 
20, Madi Hart, 1, 0, 0, 0, .000, 0, 2, 0, 0, 1, 0, 0, 0, 0, 2.0, 
Totals, 43, 15, 103, .272, 39, 8, 6, 5, 48, 4, 9, 1, 0, 59.5, 
~
