Final, 1, 2, 3, Score, 
Seattle U (2-2), 25, 25, 25, 3, 
South Dakota State (0-4), 19, 18, 20, 0, 
~
Seattle U, 
, -- Attack --, , -- Serve --, , -- Block --, , , 
#, Player, SP, K, E, TA, K%, A, SA, SE, RE, DIGS, BS, BA, BE, BHE, PTS, 
3, Aly Borje-Bonkowski, 1, 0, 0, 0, .000, 0, 0, 0, 0, 2, 0, 0, 0, 0, 0.0, 
4, Mahra McLeod, 2, 1, 1, 6, .000, 0, 0, 0, 0, 1, 0, 5, 0, 0, 3.5, 
5, Kailee Kurokawa, 3, 1, 0, 2, .500, 6, 0, 0, 0, 5, 0, 0, 0, 0, 1.0, 
6, Maja Stojanovic, 2, 5, 1, 10, .400, 1, 2, 1, 0, 2, 0, 1, 1, 0, 7.5, 
9, Tijana Milojevic, 3, 0, 0, 0, .000, 5, 1, 2, 0, 10, 0, 0, 0, 0, 1.0, 
10, Rachel Stark, 3, 11, 5, 35, .171, 0, 1, 1, 1, 8, 0, 1, 0, 0, 12.5, 
11, Victoria Demmene, 1, 1, 0, 1, 1.000, 0, 0, 0, 0, 0, 0, 0, 0, 0, 1.0, 
12, Sofia Sanchez, 3, 5, 2, 12, .250, 0, 0, 0, 0, 1, 0, 2, 0, 0, 6.0, 
13, Shae Harris, 3, 1, 0, 6, .167, 29, 0, 0, 0, 3, 1, 5, 0, 0, 4.5, 
14, Julia Queiroz, 3, 8, 2, 10, .600, 0, 0, 0, 0, 2, 1, 3, 0, 0, 10.5, 
15, Michelle Taynton, 3, 0, 0, 0, .000, 1, 0, 0, 1, 13, 0, 0, 0, 0, 0.0, 
17, Mila Duarte, 1, 0, 1, 2, -.500, 0, 0, 0, 0, 0, 0, 1, 0, 0, 0.5, 
18, Eve Kerschenbaum, 3, 10, 2, 18, .444, 1, 0, 2, 1, 2, 0, 0, 0, 0, 10.0, 
Totals, 43, 14, 102, .284, 43, 4, 6, 3, 49, 2, 18, 1, 0, 58.0, 
~
South Dakota State, 
, -- Attack --, , -- Serve --, , -- Block --, , , 
#, Player, SP, K, E, TA, K%, A, SA, SE, RE, DIGS, BS, BA, BE, BHE, PTS, 
1, Sierra Peterson, 1, 4, 1, 6, .500, 0, 0, 0, 0, 0, 0, 0, 0, 0, 4.0, 
2, Kari Brucker, 2, 0, 0, 0, .000, 0, 1, 1, 1, 5, 0, 0, 0, 0, 1.0, 
3, Makenzie Hennen, 3, 10, 7, 40, .075, 0, 1, 0, 0, 8, 0, 1, 1, 1, 11.5, 
4, Ashlynn Smith, 3, 4, 3, 15, .067, 0, 0, 0, 0, 1, 0, 1, 0, 0, 4.5, 
5, Kasey Brower, 2, 0, 0, 0, .000, 0, 0, 0, 1, 4, 0, 0, 0, 0, 0.0, 
9, Crystal Burk, 3, 2, 4, 14, -.143, 0, 0, 3, 1, 8, 0, 1, 0, 0, 2.5, 
11, Payton Richardson, 3, 8, 3, 19, .263, 0, 0, 0, 0, 0, 0, 2, 1, 0, 9.0, 
12, Ellie Thein, 3, 0, 0, 0, .000, 3, 0, 0, 1, 9, 0, 0, 0, 0, 0.0, 
15, Sydney Andrews, 3, 4, 1, 8, .375, 0, 1, 0, 0, 0, 0, 2, 0, 0, 6.0, 
18, Maddie Fay, 3, 1, 1, 5, .000, 29, 0, 1, 0, 2, 0, 1, 0, 1, 1.5, 
Totals, 33, 20, 107, .121, 32, 3, 5, 4, 37, 0, 8, 2, 2, 40.0, 
~
