Final, 1, 2, 3, 4, 5, Score, 
North Dakota (5-6), 27, 28, 25, 20, 8, 2, 
North Fla. (3-8), 25, 30, 21, 25, 15, 3, 
~
North Dakota, 
, -- Attack --, , -- Serve --, , -- Block --, , , 
#, Player, SP, K, E, TA, K%, A, SA, SE, RE, DIGS, BS, BA, BE, BHE, PTS, 
0, Kayla Williams, 5, 22, 7, 60, .250, 0, 3, 2, 2, 15, 0, 1, 0, 0, 25.5, 
2, Brynn Nieukirk, 4, 6, 5, 24, .042, 0, 0, 0, 0, 3, 0, 0, 2, 0, 6.0, 
4, Taliyah Flores, 5, 0, 0, 1, .000, 2, 0, 0, 1, 29, 0, 0, 0, 0, 0.0, 
5, Alivia Fraase, 2, 0, 0, 0, .000, 0, 0, 0, 0, 3, 0, 0, 0, 0, 0.0, 
8, Lydia Rutten, 5, 9, 5, 25, .160, 0, 0, 1, 0, 2, 0, 6, 1, 0, 12.0, 
9, Roosa Rautio, 5, 1, 1, 4, .000, 53, 0, 1, 0, 9, 0, 2, 0, 2, 2.0, 
12, Jordan Vail, 5, 9, 7, 27, .074, 0, 0, 0, 0, 0, 0, 3, 0, 0, 10.5, 
15, Taylor Riedl, 1, 1, 0, 11, .091, 0, 0, 0, 0, 2, 0, 0, 0, 0, 1.0, 
16, Maggie Smith, 5, 0, 0, 0, .000, 3, 0, 0, 0, 6, 0, 0, 0, 0, 0.0, 
17, Tamika Brekke, 5, 0, 0, 0, .000, 0, 0, 1, 0, 18, 0, 0, 0, 0, 0.0, 
18, Ashley Brueggeman, 5, 17, 6, 43, .256, 0, 0, 0, 0, 2, 0, 6, 0, 0, 20.0, 
20, Madi Hart, 2, 0, 0, 0, .000, 0, 0, 1, 0, 0, 0, 0, 0, 0, 0.0, 
TM, TEAM, 1, 0, 0, 0, .000, 0, 0, 0, 1, 0, 0, 0, 0, 0, 0.0, 
Totals, 65, 31, 195, .174, 58, 3, 6, 4, 89, 0, 18, 3, 2, 77.0, 
~
North Fla., 
, -- Attack --, , -- Serve --, , -- Block --, , , 
#, Player, SP, K, E, TA, K%, A, SA, SE, RE, DIGS, BS, BA, BE, BHE, PTS, 
1, Solimar Cestero, 5, 11, 8, 44, .068, 1, 0, 0, 0, 2, 0, 2, 2, 0, 12.0, 
2, Callie Workman, 3, 0, 0, 0, .000, 0, 0, 0, 0, 4, 0, 0, 0, 0, 0.0, 
3, Gabby O'Connell, 5, 18, 5, 47, .277, 1, 2, 1, 0, 15, 1, 0, 0, 0, 21.0, 
4, Lexi Randolph, 1, 0, 0, 0, .000, 0, 0, 0, 0, 2, 0, 0, 0, 0, 0.0, 
5, Madison Donnelly, 5, 0, 0, 0, .000, 1, 0, 3, 1, 15, 0, 0, 0, 0, 0.0, 
6, Emma Dixon, 5, 5, 1, 8, .500, 0, 0, 0, 0, 0, 0, 4, 0, 0, 7.0, 
7, Devyn Wheeler, 5, 21, 5, 51, .314, 0, 0, 0, 1, 5, 1, 10, 0, 0, 27.0, 
10, Grace Youngblood, 1, 0, 0, 0, .000, 0, 0, 0, 0, 0, 0, 0, 0, 0, 0.0, 
14, Alana Shoff, 3, 1, 1, 8, .000, 0, 0, 0, 0, 0, 0, 3, 0, 0, 2.5, 
17, Madilyn McCarty, 5, 3, 2, 9, .111, 34, 0, 1, 0, 14, 0, 1, 0, 1, 3.5, 
18, Asante Lopez, 5, 0, 0, 0, .000, 4, 1, 0, 0, 21, 0, 0, 0, 0, 1.0, 
19, Kaileen Herman, 3, 2, 0, 6, .333, 24, 0, 0, 0, 7, 0, 0, 1, 1, 2.0, 
42, Taryn Griffey, 5, 11, 6, 26, .192, 2, 1, 1, 0, 3, 1, 6, 0, 0, 16.0, 
TM, TEAM, 1, 0, 0, 0, .000, 0, 0, 0, 1, 0, 0, 0, 0, 0, 0.0, 
Totals, 72, 28, 199, .221, 67, 4, 6, 3, 88, 3, 26, 3, 2, 92.0, 
~
