Final, 1, 2, 3, 4, Score, 
Oral Roberts (3-6), 23, 25, 18, 20, 1, 
Tulsa (7-2), 25, 21, 25, 25, 3, 
~
Oral Roberts, 
, -- Attack --, , -- Serve --, , -- Block --, , , 
#, Player, SP, K, E, TA, K%, A, SA, SE, RE, DIGS, BS, BA, BE, BHE, PTS, 
1, Tori Roe, 4, 0, 0, 0, .000, 4, 0, 2, 0, 21, 0, 0, 0, 0, 0.0, 
3, Mya King, 4, 0, 0, 0, .000, 0, 4, 2, 0, 2, 0, 0, 0, 0, 4.0, 
8, Victoria Mayes, 1, 0, 0, 3, .000, 0, 0, 0, 0, 0, 0, 0, 0, 0, 0.0, 
10, Bria Bergman, 4, 5, 1, 11, .364, 34, 0, 1, 0, 9, 0, 3, 1, 2, 6.5, 
11, Taylan Nero, 4, 5, 2, 14, .214, 0, 0, 0, 0, 1, 0, 5, 0, 0, 7.5, 
12, Bri Greenlee, 4, 5, 1, 18, .222, 0, 0, 0, 0, 5, 0, 2, 0, 0, 6.0, 
13, Sarah Thiessen, 4, 0, 0, 0, .000, 1, 0, 1, 1, 6, 0, 0, 0, 0, 0.0, 
14, Katarina Mikulic, 4, 8, 6, 34, .059, 0, 0, 3, 0, 8, 0, 1, 0, 0, 8.5, 
15, Morgan Blomquist, 4, 4, 3, 17, .059, 0, 0, 0, 0, 1, 1, 3, 1, 0, 6.5, 
16, Lara Picht, 4, 16, 9, 50, .140, 3, 0, 2, 0, 5, 0, 2, 0, 0, 17.0, 
Totals, 43, 22, 147, .143, 42, 4, 11, 1, 58, 1, 16, 2, 2, 56.0, 
~
Tulsa, 
, -- Attack --, , -- Serve --, , -- Block --, , , 
#, Player, SP, K, E, TA, K%, A, SA, SE, RE, DIGS, BS, BA, BE, BHE, PTS, 
1, HORSFALL,Taylor, 4, 0, 0, 1, .000, 6, 1, 3, 1, 25, 0, 0, 0, 0, 1.0, 
2, THORSON,Emily, 4, 16, 7, 47, .191, 1, 0, 2, 0, 8, 0, 1, 0, 0, 16.5, 
3, HEMBREE,Maggie, 4, 8, 2, 14, .429, 1, 0, 0, 0, 1, 1, 4, 0, 0, 11.0, 
4, SAVADOVE,Elyse, 4, 11, 5, 23, .261, 0, 0, 0, 2, 3, 0, 3, 0, 0, 12.5, 
5, OVERMYER,Hannah, 1, 0, 0, 0, .000, 0, 0, 0, 0, 0, 0, 0, 0, 0, 0.0, 
8, HUBBARD,Emily, 4, 0, 0, 0, .000, 0, 0, 4, 0, 1, 0, 0, 0, 0, 0.0, 
15, RHODER,Maddie, 3, 0, 0, 1, .000, 0, 0, 0, 0, 1, 0, 0, 0, 0, 0.0, 
16, COOK,Callie, 4, 9, 2, 17, .412, 0, 0, 0, 0, 2, 0, 3, 1, 0, 10.5, 
18, MOORE,Rachel, 4, 11, 5, 32, .188, 3, 0, 4, 1, 15, 0, 3, 1, 0, 12.5, 
23, FLORA,Maddie, 4, 0, 0, 0, .000, 1, 0, 2, 0, 12, 0, 0, 0, 0, 0.0, 
25, PARDO,Mariah, 4, 5, 0, 8, .625, 46, 0, 1, 0, 3, 0, 0, 0, 1, 5.0, 
Totals, 60, 21, 143, .273, 58, 1, 16, 4, 71, 1, 14, 2, 1, 69.0, 
~
