Final, 1, 2, 3, 4, Score, 
Denver (25-1 (14-0)), 20, 25, 25, 25, 3, 
Western Illinois (2-25 (1-14)), 25, 19, 21, 21, 1, 
~
Denver, 
, -- Attack --, , -- Serve --, , -- Block --, , , 
#, Player, SP, K, E, TA, K%, A, SA, SE, RE, DIGS, BS, BA, BE, BHE, PTS, 
2, Katarina Marinkovic, 4, 13, 2, 25, .440, 1, 0, 3, 2, 6, 0, 1, 0, 0, 13.5, 
3, Andrea Eddy, 4, 0, 0, 0, .000, 19, 0, 2, 0, 1, 0, 0, 0, 0, 0.0, 
5, Olivia Novotny, 1, 0, 0, 0, .000, 0, 0, 0, 1, 1, 0, 0, 0, 0, 0.0, 
6, Ellie Anderson, 4, 0, 0, 1, .000, 28, 1, 2, 0, 4, 0, 1, 0, 1, 1.5, 
7, Lauren McManus, 3, 0, 0, 0, .000, 0, 0, 0, 0, 3, 0, 0, 0, 0, 0.0, 
8, Becca Latham, 4, 9, 5, 21, .190, 0, 0, 0, 0, 1, 0, 0, 0, 0, 9.0, 
10, Lydia Bartalo, 4, 15, 3, 24, .500, 0, 2, 6, 2, 9, 0, 1, 0, 0, 17.5, 
12, Macy Carrabine, 4, 0, 0, 0, .000, 2, 3, 1, 0, 14, 0, 0, 0, 0, 3.0, 
13, Tina Boe, 4, 9, 3, 17, .353, 1, 3, 0, 0, 3, 0, 1, 0, 0, 12.5, 
14, Taylor Joachim, 4, 7, 1, 21, .286, 0, 0, 0, 0, 2, 0, 0, 0, 0, 7.0, 
15, Emma Willis, 4, 3, 1, 7, .286, 0, 0, 0, 0, 0, 0, 2, 0, 0, 4.0, 
TM, TEAM, 3, 0, 0, 0, .000, 0, 0, 0, 3, 0, 0, 0, 0, 0, 0.0, 
Totals, 56, 15, 116, .353, 51, 9, 14, 8, 44, 0, 6, 0, 1, 68.0, 
~
Western Illinois, 
, -- Attack --, , -- Serve --, , -- Block --, , , 
#, Player, SP, K, E, TA, K%, A, SA, SE, RE, DIGS, BS, BA, BE, BHE, PTS, 
3, Shiah Sanders, 4, 6, 3, 19, .158, 0, 0, 0, 0, 0, 0, 1, 0, 0, 6.5, 
5, Jaime Johnson, 4, 0, 0, 0, .000, 20, 3, 1, 0, 7, 0, 0, 0, 0, 3.0, 
6, Mariah Mitchell, 4, 8, 2, 21, .286, 1, 0, 0, 0, 3, 0, 2, 0, 0, 9.0, 
7, Melanie Patenaude, 4, 11, 3, 23, .348, 0, 1, 2, 1, 6, 0, 0, 0, 0, 12.0, 
8, Claire Grove, 4, 0, 0, 0, .000, 2, 0, 1, 2, 12, 0, 0, 0, 0, 0.0, 
12, Erika Moore, 4, 0, 0, 0, .000, 1, 0, 0, 1, 3, 0, 0, 0, 0, 0.0, 
14, Cassie Hunt, 4, 1, 1, 3, .000, 22, 3, 3, 0, 8, 0, 0, 0, 0, 4.0, 
15, Mackenzie Steckler, 2, 3, 3, 7, .000, 0, 0, 0, 0, 0, 2, 0, 0, 0, 5.0, 
17, Riley Schumacher, 3, 3, 1, 7, .286, 0, 0, 3, 0, 0, 0, 1, 0, 1, 3.5, 
21, Madeline Dieter, 4, 8, 2, 15, .400, 0, 0, 1, 0, 0, 1, 3, 0, 0, 10.5, 
24, Emma Norris, 4, 8, 3, 21, .238, 0, 1, 0, 2, 2, 0, 1, 0, 0, 9.5, 
TM, TEAM, 3, 0, 0, 0, .000, 0, 0, 0, 3, 0, 0, 0, 0, 0, 0.0, 
Totals, 48, 18, 116, .259, 46, 8, 11, 9, 41, 3, 8, 0, 1, 63.0, 
~
