Final, 1, 2, 3, 4, Score, 
Kansas City (2-2), 18, 25, 23, 24, 1, 
Omaha (1-3), 25, 20, 25, 26, 3, 
~
Kansas City, 
, -- Attack --, , -- Serve --, , -- Block --, , , 
#, Player, SP, K, E, TA, K%, A, SA, SE, RE, DIGS, BS, BA, BE, BHE, PTS, 
1, Rhegan Spiegel, 4, 0, 1, 1, -1.000, 0, 1, 2, 1, 13, 0, 0, 0, 0, 1.0, 
2, Kynnedy Myers, 4, 1, 0, 1, 1.000, 22, 1, 1, 0, 4, 0, 0, 0, 0, 2.0, 
3, Tyrecia Lukes, 4, 13, 1, 19, .632, 0, 0, 0, 0, 0, 0, 7, 0, 0, 16.5, 
4, Alicia Harrington, 4, 9, 5, 29, .138, 2, 0, 0, 2, 8, 0, 1, 2, 0, 9.5, 
6, Brooke Jacobs, 4, 7, 2, 14, .357, 0, 0, 0, 0, 2, 0, 3, 1, 0, 8.5, 
7, Mack Blatcher, 2, 0, 0, 0, .000, 0, 0, 0, 1, 0, 0, 0, 0, 0, 0.0, 
8, Melanie Brecka, 4, 5, 3, 22, .091, 0, 1, 3, 0, 2, 0, 5, 0, 0, 8.5, 
10, Alex Ratzlaff, 4, 6, 6, 27, .000, 1, 0, 1, 1, 13, 0, 1, 0, 0, 6.5, 
15, Emma Dyer, 4, 8, 3, 15, .333, 0, 0, 0, 0, 2, 0, 3, 3, 0, 9.5, 
17, Alli Schomers, 4, 0, 0, 0, .000, 23, 0, 0, 0, 5, 0, 0, 0, 0, 0.0, 
Totals, 49, 21, 128, .219, 48, 3, 7, 5, 49, 0, 20, 6, 0, 62.0, 
~
Omaha, 
, -- Attack --, , -- Serve --, , -- Block --, , , 
#, Player, SP, K, E, TA, K%, A, SA, SE, RE, DIGS, BS, BA, BE, BHE, PTS, 
1, Courtney Morehead, 4, 0, 0, 0, .000, 0, 0, 2, 0, 9, 0, 0, 0, 0, 0.0, 
3, Abby Bergsten, 4, 11, 3, 34, .235, 0, 0, 0, 1, 4, 1, 0, 0, 0, 12.0, 
5, Kenzie Michalek, 4, 1, 0, 1, 1.000, 1, 0, 1, 1, 6, 0, 0, 0, 0, 1.0, 
6, Isabella Sade, 4, 12, 4, 29, .276, 0, 1, 3, 0, 1, 1, 2, 0, 0, 15.0, 
8, Claire Mountjoy, 4, 0, 0, 0, .000, 5, 2, 1, 0, 8, 0, 0, 0, 1, 2.0, 
10, Sadie Limback, 4, 15, 2, 26, .500, 0, 0, 0, 0, 1, 0, 2, 1, 0, 16.0, 
11, Anna Blaschko, 4, 10, 6, 21, .190, 0, 0, 1, 0, 0, 1, 1, 1, 0, 11.5, 
14, Claire Leonard, 4, 8, 8, 25, .000, 0, 0, 0, 0, 0, 0, 1, 0, 0, 8.5, 
16, Maggie Meyer, 4, 1, 1, 7, .000, 2, 2, 2, 0, 12, 0, 0, 0, 0, 3.0, 
24, Sydney Case, 4, 3, 1, 5, .400, 50, 0, 1, 0, 8, 0, 0, 0, 0, 3.0, 
TM, TEAM, 1, 0, 0, 0, .000, 0, 0, 0, 1, 0, 0, 0, 0, 0, 0.0, 
Totals, 61, 25, 148, .243, 58, 5, 11, 3, 49, 3, 6, 2, 1, 72.0, 
~
