Final, 1, 2, 3, 4, 5, Score, 
Southeast Mo. St. (7-5), 25, 22, 18, 25, 15, 3, 
Western Illinois (1-9), 23, 25, 25, 17, 9, 2, 
~
Southeast Mo. St., 
, -- Attack --, , -- Serve --, , -- Block --, , , 
#, Player, SP, K, E, TA, K%, A, SA, SE, RE, DIGS, BS, BA, BE, BHE, PTS, 
2, WEHRHEIM, Annie, 3, 13, 2, 19, .579, 0, 0, 0, 0, 0, 0, 1, 0, 0, 13.5, 
3, ADAMS, Maggie, 5, 3, 4, 13, -.077, 0, 0, 0, 0, 2, 0, 1, 0, 0, 3.5, 
5, WASHINGTON, Kendall, 4, 5, 2, 13, .231, 0, 0, 0, 0, 0, 0, 0, 0, 0, 5.0, 
6, DION, Ally, 5, 0, 1, 2, -.500, 5, 1, 4, 4, 15, 0, 0, 0, 0, 1.0, 
7, MALLOY, Laney, 5, 22, 8, 54, .259, 1, 1, 2, 2, 16, 0, 2, 0, 0, 24.0, 
8, BILBRUCK, Haley, 2, 6, 4, 12, .167, 0, 0, 0, 0, 1, 0, 1, 0, 0, 6.5, 
9, BERNS, Krista, 3, 5, 2, 11, .273, 0, 0, 0, 0, 0, 0, 3, 0, 0, 6.5, 
10, GRIMM, Madeline, 5, 1, 1, 3, .000, 0, 1, 1, 0, 14, 0, 0, 0, 0, 2.0, 
11, MOYLAN, Elissa, 3, 1, 2, 6, -.167, 0, 0, 1, 0, 1, 0, 1, 0, 0, 1.5, 
12, KUHLMANN, Mikayla, 1, 0, 0, 3, .000, 0, 0, 0, 0, 2, 0, 0, 0, 0, 0.0, 
13, BOGGETTO, Emily, 4, 0, 0, 0, .000, 0, 0, 2, 0, 6, 0, 0, 0, 0, 0.0, 
14, BAJARE, Madara, 3, 11, 6, 31, .161, 0, 0, 0, 0, 3, 0, 0, 0, 0, 11.0, 
15, OCHS, Claire, 5, 2, 0, 5, .400, 57, 3, 3, 0, 15, 0, 1, 0, 0, 5.5, 
TM, TEAM, 2, 0, 0, 0, .000, 0, 0, 0, 2, 0, 0, 0, 0, 0, 0.0, 
Totals, 69, 32, 172, .215, 63, 6, 13, 8, 75, 0, 10, 0, 0, 80.0, 
~
Western Illinois, 
, -- Attack --, , -- Serve --, , -- Block --, , , 
#, Player, SP, K, E, TA, K%, A, SA, SE, RE, DIGS, BS, BA, BE, BHE, PTS, 
2, Aleezah Washington, 4, 0, 0, 3, .000, 0, 0, 0, 0, 0, 0, 3, 0, 0, 1.5, 
3, Shiah Sanders, 2, 0, 2, 12, -.167, 0, 0, 0, 0, 4, 0, 0, 0, 0, 0.0, 
5, Jaime Johnson, 5, 4, 1, 9, .333, 22, 2, 2, 0, 14, 0, 1, 0, 1, 6.5, 
6, Mariah Mitchell, 4, 5, 4, 18, .056, 0, 0, 0, 0, 1, 0, 2, 0, 0, 6.0, 
7, Melanie Patenaude, 5, 13, 5, 42, .190, 3, 2, 0, 1, 11, 0, 4, 0, 0, 17.0, 
9, Kaylee Woodard, 5, 0, 0, 0, .000, 2, 0, 0, 4, 8, 0, 1, 0, 0, 0.5, 
11, Abby Knoop, 2, 2, 3, 13, -.077, 0, 0, 0, 0, 0, 0, 0, 0, 0, 2.0, 
12, Erika Moore, 5, 0, 0, 1, .000, 1, 1, 0, 1, 19, 0, 0, 0, 0, 1.0, 
14, Cassie Hunt, 4, 0, 0, 0, .000, 16, 1, 0, 0, 3, 0, 0, 0, 1, 1.0, 
15, Mackenzie Steckler, 5, 10, 1, 17, .529, 0, 2, 5, 0, 1, 2, 7, 0, 0, 17.5, 
17, Riley Schumacher, 5, 4, 1, 13, .231, 0, 0, 0, 0, 0, 0, 5, 0, 0, 6.5, 
24, Emma Norris, 3, 8, 4, 22, .182, 0, 0, 0, 0, 4, 0, 1, 0, 0, 8.5, 
Totals, 46, 21, 150, .167, 44, 8, 7, 6, 65, 2, 24, 0, 2, 68.0, 
~
