Final, 1, 2, 3, Score, 
South Dakota State (5-21 (2-11)), 21, 18, 21, 0, 
Omaha (15-10 (10-3)), 25, 25, 25, 3, 
~
South Dakota State, 
, -- Attack --, , -- Serve --, , -- Block --, , , 
#, Player, SP, K, E, TA, K%, A, SA, SE, RE, DIGS, BS, BA, BE, BHE, PTS, 
1, Sierra Peterson, 3, 4, 0, 9, .444, 0, 0, 0, 0, 0, 0, 0, 1, 0, 4.0, 
2, Kari Brucker, 3, 0, 0, 0, .000, 1, 0, 1, 0, 2, 0, 0, 0, 0, 0.0, 
3, Makenzie Hennen, 3, 14, 5, 31, .290, 1, 0, 0, 1, 5, 0, 0, 0, 0, 14.0, 
4, Ashlynn Smith, 3, 6, 3, 18, .167, 1, 0, 0, 0, 2, 0, 2, 1, 0, 7.0, 
7, Mattison Munger, 3, 0, 0, 0, .000, 11, 1, 1, 0, 3, 0, 0, 0, 0, 1.0, 
9, Crystal Burk, 3, 8, 4, 22, .182, 0, 0, 1, 2, 5, 0, 2, 2, 0, 9.0, 
11, Payton Richardson, 3, 3, 0, 4, .750, 0, 0, 0, 0, 0, 0, 1, 1, 0, 3.5, 
12, Ellie Thein, 3, 0, 0, 0, .000, 2, 0, 3, 5, 7, 0, 0, 0, 0, 0.0, 
15, Sydney Andrews, 3, 2, 0, 5, .400, 0, 0, 1, 0, 0, 0, 3, 1, 0, 3.5, 
18, Maddie Fay, 3, 1, 0, 1, 1.000, 20, 0, 1, 0, 2, 0, 0, 0, 0, 1.0, 
Totals, 38, 12, 90, .289, 36, 1, 8, 8, 26, 0, 8, 6, 0, 43.0, 
~
Omaha, 
, -- Attack --, , -- Serve --, , -- Block --, , , 
#, Player, SP, K, E, TA, K%, A, SA, SE, RE, DIGS, BS, BA, BE, BHE, PTS, 
1, Courtney Morehead, 3, 0, 0, 0, .000, 1, 2, 1, 1, 5, 0, 0, 0, 0, 2.0, 
3, Abby Bergsten, 3, 7, 2, 17, .294, 0, 0, 0, 0, 1, 0, 0, 0, 0, 7.0, 
5, Kenzie Michalek, 3, 0, 0, 0, .000, 3, 1, 1, 0, 5, 0, 0, 0, 0, 1.0, 
6, Isabella Sade, 3, 9, 1, 14, .571, 1, 3, 2, 0, 2, 0, 3, 0, 0, 13.5, 
8, Claire Mountjoy, 3, 0, 0, 0, .000, 0, 1, 1, 0, 17, 0, 0, 0, 0, 1.0, 
10, Sadie Limback, 3, 13, 2, 21, .524, 1, 0, 3, 0, 4, 0, 3, 1, 0, 14.5, 
11, Anna Blaschko, 3, 9, 1, 14, .571, 0, 0, 0, 0, 0, 1, 2, 0, 0, 11.0, 
14, Claire Leonard, 3, 7, 4, 22, .136, 0, 0, 0, 0, 0, 0, 0, 1, 0, 7.0, 
24, Sydney Case, 3, 1, 1, 3, .000, 39, 1, 1, 0, 2, 0, 2, 0, 0, 3.0, 
Totals, 46, 11, 91, .385, 45, 8, 9, 1, 36, 1, 10, 2, 0, 60.0, 
~
