Final, 1, 2, 3, 4, Score, 
North Dakota (1-3), 25, 22, 21, 17, 1, 
TCU (4-0), 23, 25, 25, 25, 3, 
~
North Dakota, 
, -- Attack --, , -- Serve --, , -- Block --, , , 
#, Player, SP, K, E, TA, K%, A, SA, SE, RE, DIGS, BS, BA, BE, BHE, PTS, 
0, Kayla Williams, 4, 15, 5, 50, .200, 0, 0, 0, 1, 20, 0, 1, 0, 0, 15.5, 
2, Brynn Nieukirk, 4, 7, 2, 27, .185, 0, 0, 0, 0, 5, 0, 0, 0, 0, 7.0, 
4, Taliyah Flores, 4, 0, 0, 2, .000, 0, 0, 1, 0, 10, 0, 0, 0, 0, 0.0, 
5, Alivia Fraase, 4, 0, 0, 0, .000, 4, 0, 2, 3, 10, 0, 0, 0, 0, 0.0, 
8, Lydia Rutten, 4, 4, 2, 15, .133, 0, 0, 0, 0, 2, 0, 4, 2, 0, 6.0, 
9, Roosa Rautio, 4, 0, 1, 5, -.200, 42, 2, 3, 0, 12, 0, 1, 0, 4, 2.5, 
12, Jordan Vail, 4, 15, 2, 28, .464, 0, 0, 0, 0, 0, 3, 1, 0, 0, 18.5, 
16, Maggie Smith, 3, 0, 0, 0, .000, 0, 0, 1, 0, 1, 0, 0, 0, 0, 0.0, 
17, Tamika Brekke, 4, 0, 0, 0, .000, 0, 0, 1, 0, 5, 0, 0, 0, 0, 0.0, 
18, Ashley Brueggeman, 4, 9, 6, 30, .100, 0, 0, 0, 0, 4, 0, 3, 1, 0, 10.5, 
Totals, 50, 18, 157, .204, 46, 2, 8, 4, 69, 3, 10, 3, 4, 60.0, 
~
TCU, 
, -- Attack --, , -- Serve --, , -- Block --, , , 
#, Player, SP, K, E, TA, K%, A, SA, SE, RE, DIGS, BS, BA, BE, BHE, PTS, 
1, elan McCall, 4, 21, 8, 62, .210, 1, 3, 2, 0, 14, 0, 4, 1, 0, 26.0, 
2, Ashley Kozer, 1, 0, 0, 0, .000, 0, 0, 0, 0, 0, 0, 0, 0, 0, 0.0, 
3, Sarah Langs, 4, 5, 3, 11, .182, 0, 0, 0, 0, 2, 0, 0, 0, 0, 5.0, 
4, Tori Dilfer, 4, 4, 0, 13, .308, 53, 1, 1, 0, 14, 0, 1, 0, 1, 5.5, 
6, Anna Walsh, 4, 14, 2, 28, .429, 0, 0, 0, 0, 0, 0, 3, 0, 0, 15.5, 
7, Dani Dennison, 4, 0, 1, 1, -1.000, 1, 0, 1, 0, 11, 0, 0, 0, 0, 0.0, 
10, Berklie Baker, 4, 0, 0, 0, .000, 3, 0, 0, 0, 15, 0, 0, 0, 0, 0.0, 
11, Katie Clark, 1, 0, 0, 0, .000, 0, 0, 0, 0, 0, 0, 0, 0, 0, 0.0, 
14, Lexi Maclean, 4, 0, 0, 3, .000, 1, 0, 2, 2, 24, 0, 0, 0, 0, 0.0, 
22, Ashley Waggle, 4, 9, 6, 27, .111, 0, 0, 0, 0, 1, 0, 1, 0, 0, 9.5, 
34, Sarah Swanson, 4, 11, 4, 22, .318, 2, 0, 2, 0, 2, 0, 3, 1, 0, 12.5, 
Totals, 64, 24, 167, .240, 61, 4, 8, 2, 83, 0, 12, 2, 1, 74.0, 
~
