Final, 1, 2, 3, 4, Score, 
Oral Roberts (4-12, 1-3 Summit), 25, 25, 21, 29, 3, 
Purdue Fort Wayne (11-8, 2-3 Summit), 19, 17, 25, 27, 1, 
~
Oral Roberts, 
, -- Attack --, , -- Serve --, , -- Block --, , , 
#, Player, SP, K, E, TA, K%, A, SA, SE, RE, DIGS, BS, BA, BE, BHE, PTS, 
1, Tori Roe, 4, 0, 0, 0, .000, 1, 0, 0, 0, 16, 0, 0, 0, 0, 0.0, 
3, Mya King, 4, 0, 0, 0, .000, 0, 0, 0, 0, 0, 0, 0, 0, 0, 0.0, 
6, Inka Inkret, 4, 10, 5, 41, .122, 1, 0, 2, 1, 17, 0, 2, 0, 0, 11.0, 
10, Bria Bergman, 4, 2, 2, 13, .000, 44, 1, 1, 0, 12, 0, 4, 0, 1, 5.0, 
11, Taylan Nero, 1, 2, 0, 3, .667, 0, 0, 0, 0, 1, 0, 2, 0, 0, 3.0, 
12, Bri Greenlee, 4, 5, 2, 14, .214, 0, 0, 0, 0, 0, 2, 11, 0, 0, 12.5, 
13, Sarah Thiessen, 1, 0, 0, 0, .000, 0, 0, 0, 1, 7, 0, 0, 0, 0, 0.0, 
14, Katarina Mikulic, 4, 12, 5, 36, .194, 1, 1, 0, 1, 10, 0, 1, 0, 0, 13.5, 
15, Morgan Blomquist, 4, 13, 3, 24, .417, 0, 1, 0, 0, 0, 0, 2, 0, 0, 15.0, 
16, Lara Picht, 1, 2, 1, 10, .100, 0, 0, 0, 0, 1, 0, 0, 0, 0, 2.0, 
17, CeCe Madison, 3, 4, 5, 22, -.045, 1, 0, 3, 0, 16, 0, 4, 0, 0, 6.0, 
Totals, 50, 23, 163, .166, 48, 3, 6, 3, 80, 2, 26, 0, 1, 68.0, 
~
Purdue Fort Wayne, 
, -- Attack --, , -- Serve --, , -- Block --, , , 
#, Player, SP, K, E, TA, K%, A, SA, SE, RE, DIGS, BS, BA, BE, BHE, PTS, 
1, Madison Jaqua, 3, 0, 0, 2, .000, 15, 0, 0, 0, 3, 0, 0, 0, 0, 0.0, 
2, Julia Wayer, 1, 0, 0, 0, .000, 0, 0, 0, 0, 2, 0, 0, 0, 0, 0.0, 
3, Elizabeth Britner, 4, 0, 0, 0, .000, 3, 0, 1, 0, 16, 0, 0, 0, 0, 0.0, 
4, Victoria Mills, 4, 0, 0, 2, .000, 25, 1, 2, 0, 9, 0, 0, 0, 3, 1.0, 
5, Je'Bria Green, 1, 1, 1, 5, .000, 0, 0, 0, 0, 2, 0, 0, 0, 0, 1.0, 
6, Madison Gates, 2, 1, 0, 1, 1.000, 2, 0, 0, 0, 2, 0, 0, 0, 2, 1.0, 
7, Taylor Duddleston, 2, 0, 1, 2, -.500, 1, 0, 1, 0, 3, 0, 0, 0, 0, 0.0, 
8, Elizabeth Fuerst, 4, 4, 3, 15, .067, 0, 0, 0, 0, 1, 0, 1, 0, 0, 4.5, 
9, Katie Crowe, 4, 12, 11, 42, .024, 0, 0, 1, 0, 15, 0, 2, 0, 0, 13.0, 
10, Sandra Hoevels, 3, 7, 2, 15, .333, 0, 0, 0, 0, 0, 0, 2, 0, 0, 8.0, 
13, Sydney Boerst, 4, 11, 4, 27, .259, 0, 1, 2, 0, 1, 1, 3, 0, 0, 14.5, 
14, Madelyn Wurster, 3, 7, 3, 21, .190, 0, 0, 0, 0, 0, 0, 1, 0, 0, 7.5, 
24, Nicole Rightnowar, 4, 11, 8, 45, .067, 2, 1, 2, 3, 20, 0, 1, 0, 0, 12.5, 
Totals, 54, 33, 177, .119, 48, 3, 9, 3, 74, 1, 10, 0, 5, 63.0, 
~
