Final, 1, 2, 3, 4, Score, 
California (4-1), 25, 23, 23, 23, 1, 
South Dakota (4-1), 23, 25, 25, 25, 3, 
~
California, 
, -- Attack --, , -- Serve --, , -- Block --, , , 
#, Player, SP, K, E, TA, K%, A, SA, SE, RE, DIGS, BS, BA, BE, BHE, PTS, 
1, Kat Knop, 4, 0, 0, 0, .000, 0, 0, 0, 0, 2, 0, 0, 0, 0, 0.0, 
2, Darian Clark, 1, 0, 0, 0, .000, 0, 0, 0, 0, 0, 0, 0, 0, 0, 0.0, 
3, Mima Mirkovic, 4, 12, 4, 33, .242, 1, 2, 3, 1, 23, 0, 2, 1, 0, 15.0, 
4, Maddie Haynes, 4, 2, 1, 13, .077, 0, 0, 0, 0, 0, 0, 2, 0, 0, 3.0, 
9, Emma Smith, 4, 0, 0, 1, .000, 6, 0, 0, 1, 10, 0, 0, 0, 0, 0.0, 
10, Preslie Anderson, 4, 14, 3, 23, .478, 0, 0, 2, 0, 6, 0, 5, 0, 0, 16.5, 
14, Jade Blevins, 4, 0, 0, 0, .000, 29, 2, 0, 0, 12, 0, 0, 0, 2, 2.0, 
15, Bella Bergmark, 4, 2, 3, 8, -.125, 0, 0, 0, 0, 0, 0, 1, 0, 0, 2.5, 
17, Isabel Potter, 4, 0, 0, 0, .000, 18, 1, 0, 0, 10, 0, 0, 0, 2, 1.0, 
20, Bailee Huizenga, 4, 11, 5, 28, .214, 0, 0, 0, 0, 3, 0, 1, 3, 0, 11.5, 
23, Makana Meyer, 2, 1, 1, 7, .000, 0, 0, 0, 0, 0, 0, 0, 0, 0, 1.0, 
24, Carmen Annevelink, 4, 15, 10, 40, .125, 0, 1, 3, 1, 7, 0, 1, 0, 0, 16.5, 
TM, TEAM, 2, 0, 0, 0, .000, 0, 0, 0, 2, 0, 0, 0, 0, 0, 0.0, 
Totals, 57, 27, 153, .196, 54, 6, 8, 5, 73, 0, 12, 4, 4, 69.0, 
~
South Dakota, 
, -- Attack --, , -- Serve --, , -- Block --, , , 
#, Player, SP, K, E, TA, K%, A, SA, SE, RE, DIGS, BS, BA, BE, BHE, PTS, 
3, Taylor Wilson, 4, 7, 2, 20, .250, 2, 0, 2, 0, 3, 1, 0, 0, 0, 8.0, 
4, Madison Jurgens, 4, 6, 1, 12, .417, 35, 1, 3, 0, 6, 0, 0, 0, 0, 7.0, 
6, Hayley Dotseth, 4, 18, 6, 49, .245, 0, 2, 1, 3, 17, 0, 2, 1, 0, 21.0, 
8, Lauren Sauer, 4, 0, 0, 0, .000, 0, 1, 2, 0, 9, 0, 0, 0, 0, 1.0, 
9, Kristina Susak, 4, 10, 4, 30, .200, 0, 0, 0, 0, 1, 0, 1, 1, 0, 10.5, 
12, Elizabeth Loschen, 4, 9, 0, 25, .360, 0, 0, 0, 0, 0, 0, 2, 0, 0, 10.0, 
14, Lolo Weideman, 3, 0, 0, 0, .000, 0, 0, 1, 0, 2, 0, 0, 0, 0, 0.0, 
15, Anne Rasmussen, 4, 0, 0, 1, .000, 6, 0, 2, 1, 20, 0, 0, 0, 0, 0.0, 
16, Mehana Fonseca, 4, 0, 0, 0, .000, 4, 1, 2, 1, 7, 0, 0, 0, 0, 1.0, 
17, Emily Grathoff, 4, 4, 2, 18, .111, 0, 0, 0, 0, 1, 1, 5, 0, 0, 7.5, 
TM, TEAM, 1, 0, 0, 0, .000, 0, 0, 0, 1, 0, 0, 0, 0, 0, 0.0, 
Totals, 54, 15, 155, .252, 47, 5, 13, 6, 66, 2, 10, 2, 0, 66.0, 
~
