Final, 1, 2, 3, Score, 
Oral Roberts (9-16 (6-7)), 17, 9, 12, 0, 
Denver (24-1 (13-0)), 25, 25, 25, 3, 
~
Oral Roberts, 
, -- Attack --, , -- Serve --, , -- Block --, , , 
#, Player, SP, K, E, TA, K%, A, SA, SE, RE, DIGS, BS, BA, BE, BHE, PTS, 
1, Tori Roe, 3, 0, 0, 0, .000, 1, 0, 0, 1, 4, 0, 0, 0, 0, 0.0, 
6, Inka Inkret, 3, 3, 6, 22, -.136, 0, 0, 1, 2, 3, 0, 1, 0, 0, 3.5, 
10, Bria Bergman, 3, 1, 0, 4, .250, 15, 0, 0, 0, 2, 0, 0, 0, 0, 1.0, 
11, Taylan Nero, 1, 1, 1, 5, .000, 0, 0, 0, 0, 1, 0, 0, 1, 0, 1.0, 
12, Bri Greenlee, 3, 4, 3, 15, .067, 0, 0, 0, 0, 0, 1, 4, 0, 0, 7.0, 
13, Sarah Thiessen, 2, 0, 0, 0, .000, 0, 0, 0, 2, 0, 0, 0, 0, 0, 0.0, 
14, Katarina Mikulic, 3, 3, 2, 15, .067, 1, 0, 0, 3, 10, 0, 1, 0, 0, 3.5, 
15, Morgan Blomquist, 3, 2, 5, 17, -.176, 0, 0, 0, 0, 2, 0, 0, 0, 0, 2.0, 
17, CeCe Madison, 3, 4, 4, 16, .000, 0, 0, 0, 1, 18, 0, 2, 0, 1, 5.0, 
Totals, 18, 21, 94, -.032, 17, 0, 1, 9, 40, 1, 8, 1, 1, 23.0, 
~
Denver, 
, -- Attack --, , -- Serve --, , -- Block --, , , 
#, Player, SP, K, E, TA, K%, A, SA, SE, RE, DIGS, BS, BA, BE, BHE, PTS, 
2, Katarina Marinkovic, 3, 8, 3, 19, .263, 1, 1, 0, 0, 10, 0, 1, 0, 0, 9.5, 
3, Andrea Eddy, 3, 0, 0, 0, .000, 14, 1, 2, 0, 5, 0, 0, 0, 0, 1.0, 
5, Olivia Novotny, 3, 0, 0, 0, .000, 0, 1, 0, 0, 2, 0, 0, 0, 0, 1.0, 
6, Ellie Anderson, 3, 1, 0, 3, .333, 22, 2, 1, 0, 3, 0, 0, 0, 0, 3.0, 
7, Lauren McManus, 1, 0, 0, 0, .000, 0, 0, 0, 0, 0, 0, 0, 0, 0, 0.0, 
8, Becca Latham, 3, 7, 4, 22, .136, 1, 0, 1, 0, 4, 0, 4, 0, 0, 9.0, 
10, Lydia Bartalo, 3, 4, 2, 14, .143, 0, 1, 2, 0, 8, 0, 2, 0, 0, 6.0, 
12, Macy Carrabine, 3, 0, 0, 0, .000, 0, 1, 1, 0, 11, 0, 0, 0, 0, 1.0, 
13, Tina Boe, 3, 8, 1, 14, .500, 1, 2, 0, 0, 5, 0, 4, 0, 0, 12.0, 
14, Taylor Joachim, 3, 5, 0, 8, .625, 0, 0, 0, 0, 1, 0, 0, 0, 0, 5.0, 
15, Emma Willis, 3, 10, 2, 21, .381, 0, 0, 0, 0, 0, 0, 3, 0, 0, 11.5, 
Totals, 43, 12, 101, .307, 39, 9, 7, 0, 49, 0, 14, 0, 0, 59.0, 
~
