Final, 1, 2, 3, 4, Score, 
Purdue Fort Wayne (7-4), 25, 25, 24, 25, 3, 
DePaul (2-6), 22, 22, 26, 17, 1, 
~
Purdue Fort Wayne, 
, -- Attack --, , -- Serve --, , -- Block --, , , 
#, Player, SP, K, E, TA, K%, A, SA, SE, RE, DIGS, BS, BA, BE, BHE, PTS, 
1, Madison Jaqua, 4, 3, 1, 7, .286, 34, 0, 1, 0, 7, 0, 3, 0, 0, 4.5, 
3, Elizabeth Britner, 4, 0, 0, 0, .000, 2, 1, 4, 0, 17, 0, 0, 0, 0, 1.0, 
4, Victoria Mills, 4, 0, 0, 0, .000, 3, 1, 2, 0, 6, 0, 0, 0, 0, 1.0, 
5, Je'Bria Green, 1, 2, 1, 3, .333, 0, 0, 0, 0, 0, 0, 1, 1, 0, 2.5, 
6, Madison Gates, 1, 0, 0, 1, .000, 5, 0, 0, 0, 1, 0, 0, 0, 0, 0.0, 
7, Taylor Duddleston, 1, 0, 0, 0, .000, 0, 0, 0, 0, 0, 0, 0, 0, 0, 0.0, 
8, Elizabeth Fuerst, 4, 9, 1, 23, .348, 0, 0, 0, 0, 1, 0, 1, 0, 0, 9.5, 
9, Katie Crowe, 4, 9, 3, 24, .250, 1, 3, 4, 1, 3, 1, 1, 0, 0, 13.5, 
10, Sandra Hoevels, 4, 7, 4, 17, .176, 0, 0, 0, 0, 3, 1, 2, 0, 0, 9.0, 
13, Sydney Boerst, 4, 6, 2, 18, .222, 0, 3, 3, 0, 4, 0, 4, 0, 0, 11.0, 
14, Madelyn Wurster, 1, 2, 0, 4, .500, 0, 0, 0, 0, 0, 0, 0, 0, 0, 2.0, 
24, Nicole Rightnowar, 4, 12, 3, 38, .237, 1, 3, 1, 1, 7, 0, 2, 1, 0, 16.0, 
TM, TEAM, 1, 0, 0, 0, .000, 0, 0, 0, 1, 0, 0, 0, 0, 0, 0.0, 
Totals, 50, 15, 135, .259, 46, 11, 15, 3, 49, 2, 14, 2, 0, 70.0, 
~
DePaul, 
, -- Attack --, , -- Serve --, , -- Block --, , , 
#, Player, SP, K, E, TA, K%, A, SA, SE, RE, DIGS, BS, BA, BE, BHE, PTS, 
1, Ashley Marshall, 4, 9, 3, 18, .333, 0, 0, 0, 0, 4, 0, 0, 0, 0, 9.0, 
2, Emma Price, 4, 9, 5, 30, .133, 0, 0, 0, 0, 1, 0, 3, 0, 1, 10.5, 
3, Mattie Norris, 4, 14, 6, 34, .235, 1, 0, 1, 5, 10, 1, 0, 0, 0, 15.0, 
4, Isabelle Banez, 4, 0, 0, 0, .000, 2, 2, 1, 3, 17, 0, 0, 0, 0, 2.0, 
5, Natalie Hayward, 4, 9, 5, 23, .174, 27, 0, 1, 0, 10, 0, 0, 0, 0, 9.0, 
6, Mackenzie Savage, 4, 0, 0, 0, .000, 1, 0, 2, 1, 7, 0, 0, 0, 0, 0.0, 
9, Katie Dolan, 4, 0, 0, 0, .000, 18, 1, 2, 0, 8, 0, 0, 0, 2, 1.0, 
15, Isabell De La Rosa, 4, 6, 1, 18, .278, 1, 0, 1, 0, 2, 1, 2, 0, 0, 8.0, 
18, Donna Brown, 4, 6, 5, 12, .083, 1, 0, 0, 0, 1, 0, 1, 0, 0, 6.5, 
TM, Team, 2, 0, 0, 0, .000, 0, 0, 0, 2, 0, 0, 0, 0, 0, 0.0, 
Totals, 53, 25, 135, .207, 51, 3, 8, 11, 60, 2, 6, 0, 3, 61.0, 
~
