Final, 1, 2, 3, 4, Score, 
Omaha (11-7 (6-0 Summit)), 25, 10, 26, 25, 3, 
South Dakota (11-8 (5-2 Summit)), 21, 25, 24, 23, 1, 
~
Omaha, 
, -- Attack --, , -- Serve --, , -- Block --, , , 
#, Player, SP, K, E, TA, K%, A, SA, SE, RE, DIGS, BS, BA, BE, BHE, PTS, 
1, Courtney Morehead, 4, 0, 0, 0, .000, 0, 2, 0, 1, 6, 0, 0, 0, 0, 2.0, 
3, Abby Bergsten, 4, 8, 4, 30, .133, 0, 0, 0, 0, 5, 0, 3, 0, 0, 9.5, 
5, Kenzie Michalek, 4, 0, 0, 0, .000, 4, 0, 1, 1, 13, 0, 0, 0, 0, 0.0, 
6, Isabella Sade, 4, 8, 4, 27, .148, 0, 2, 4, 1, 2, 0, 4, 1, 0, 12.0, 
8, Claire Mountjoy, 4, 0, 0, 0, .000, 2, 0, 1, 0, 21, 0, 0, 0, 0, 0.0, 
10, Sadie Limback, 4, 14, 8, 43, .140, 1, 1, 4, 0, 11, 0, 3, 0, 0, 16.5, 
11, Anna Blaschko, 4, 11, 3, 22, .364, 0, 0, 0, 0, 0, 0, 4, 0, 0, 13.0, 
14, Claire Leonard, 4, 4, 5, 23, -.043, 0, 0, 0, 1, 3, 0, 2, 1, 0, 5.0, 
24, Sydney Case, 4, 3, 0, 8, .375, 38, 2, 2, 0, 13, 0, 0, 0, 1, 5.0, 
TM, TEAM, 3, 0, 0, 0, .000, 0, 0, 0, 4, 0, 0, 0, 0, 0, 0.0, 
Totals, 48, 24, 153, .157, 45, 7, 12, 8, 74, 0, 16, 2, 1, 63.0, 
~
South Dakota, 
, -- Attack --, , -- Serve --, , -- Block --, , , 
#, Player, SP, K, E, TA, K%, A, SA, SE, RE, DIGS, BS, BA, BE, BHE, PTS, 
1, Abbey Pederson, 1, 0, 0, 0, .000, 0, 0, 0, 0, 0, 0, 0, 0, 0, 0.0, 
3, Taylor Wilson, 4, 13, 4, 31, .290, 0, 0, 1, 0, 1, 0, 4, 1, 0, 15.0, 
4, Madison Jurgens, 4, 0, 1, 7, -.143, 37, 0, 1, 0, 11, 0, 1, 0, 2, 0.5, 
6, Hayley Dotseth, 4, 14, 6, 46, .174, 0, 1, 2, 1, 19, 1, 1, 1, 0, 16.5, 
8, Lauren Sauer, 3, 0, 0, 0, .000, 0, 1, 2, 2, 0, 0, 0, 0, 0, 1.0, 
9, Kristina Susak, 4, 8, 4, 30, .133, 0, 0, 0, 0, 1, 0, 1, 0, 0, 8.5, 
12, Elizabeth Loschen, 4, 7, 4, 29, .103, 0, 0, 0, 0, 3, 0, 2, 0, 0, 8.0, 
14, Lolo Weideman, 4, 1, 0, 1, 1.000, 0, 2, 0, 0, 8, 0, 0, 0, 0, 3.0, 
15, Anne Rasmussen, 4, 0, 0, 0, .000, 5, 2, 1, 2, 21, 0, 0, 0, 0, 2.0, 
16, Mehana Fonseca, 4, 0, 0, 0, .000, 0, 2, 1, 0, 3, 0, 0, 0, 0, 2.0, 
17, Emily Grathoff, 4, 4, 1, 13, .231, 0, 0, 0, 0, 2, 1, 1, 0, 0, 5.5, 
TM, TEAM, 1, 0, 0, 0, .000, 0, 0, 0, 2, 0, 0, 0, 0, 0, 0.0, 
Totals, 47, 20, 157, .172, 42, 8, 8, 7, 69, 2, 10, 2, 2, 62.0, 
~
