Final, 1, 2, 3, 4, 5, Score, 
North Dakota (7-7), 25, 20, 15, 25, 17, 3, 
Charlotte (8-6), 16, 25, 25, 22, 15, 2, 
~
North Dakota, 
, -- Attack --, , -- Serve --, , -- Block --, , , 
#, Player, SP, K, E, TA, K%, A, SA, SE, RE, DIGS, BS, BA, BE, BHE, PTS, 
0, Kayla Williams, 5, 15, 5, 63, .159, 0, 0, 1, 0, 14, 0, 1, 0, 0, 15.5, 
2, Brynn Nieukirk, 5, 15, 4, 51, .216, 0, 0, 0, 0, 4, 0, 2, 0, 0, 16.0, 
4, Taliyah Flores, 5, 0, 0, 0, .000, 1, 0, 1, 0, 36, 0, 0, 0, 0, 0.0, 
5, Alivia Fraase, 5, 0, 0, 0, .000, 2, 0, 0, 0, 21, 0, 0, 0, 0, 0.0, 
8, Lydia Rutten, 5, 6, 3, 16, .188, 0, 1, 3, 0, 3, 0, 2, 0, 0, 8.0, 
9, Roosa Rautio, 5, 1, 1, 7, .000, 51, 2, 1, 0, 6, 0, 0, 0, 2, 3.0, 
12, Jordan Vail, 5, 13, 7, 39, .154, 0, 0, 0, 0, 1, 2, 4, 1, 0, 17.0, 
15, Taylor Riedl, 1, 0, 0, 0, .000, 0, 0, 0, 0, 2, 0, 0, 0, 0, 0.0, 
16, Maggie Smith, 4, 0, 0, 0, .000, 0, 0, 0, 0, 2, 0, 0, 0, 0, 0.0, 
17, Tamika Brekke, 5, 0, 0, 0, .000, 1, 3, 1, 0, 7, 0, 0, 0, 0, 3.0, 
18, Ashley Brueggeman, 5, 12, 8, 41, .098, 0, 0, 0, 1, 0, 0, 3, 0, 0, 13.5, 
TM, TEAM, 1, 0, 0, 0, .000, 0, 0, 0, 1, 0, 0, 0, 0, 0, 0.0, 
Totals, 62, 28, 217, .157, 55, 6, 7, 2, 96, 2, 12, 1, 2, 76.0, 
~
Charlotte, 
, -- Attack --, , -- Serve --, , -- Block --, , , 
#, Player, SP, K, E, TA, K%, A, SA, SE, RE, DIGS, BS, BA, BE, BHE, PTS, 
1, RICHARDSON, Reeana, 5, 23, 6, 61, .279, 0, 1, 2, 2, 17, 0, 2, 0, 0, 25.0, 
2, CURTISS, Jannelle, 5, 10, 3, 35, .200, 0, 0, 0, 1, 5, 0, 3, 1, 0, 11.5, 
4, PERRENS, Sofie, 5, 0, 0, 0, .000, 11, 0, 0, 0, 7, 0, 0, 0, 1, 0.0, 
5, CLAYTON, Bethany, 1, 0, 2, 3, -.667, 0, 0, 0, 0, 2, 0, 0, 0, 0, 0.0, 
6, BERG, Taylor, 5, 0, 0, 2, .000, 1, 0, 0, 1, 4, 0, 0, 0, 0, 0.0, 
10, BOONE, Alex, 3, 2, 2, 9, .000, 0, 0, 0, 0, 1, 0, 1, 0, 0, 2.5, 
11, STEELE, Nya, 5, 1, 0, 1, 1.000, 38, 1, 2, 0, 16, 0, 0, 0, 1, 2.0, 
13, GARCIA, Yumi, 5, 0, 0, 0, .000, 6, 0, 1, 0, 40, 0, 0, 0, 0, 0.0, 
15, GALLOWAY, Tyra, 5, 6, 3, 16, .188, 0, 0, 0, 0, 2, 1, 5, 1, 0, 9.5, 
16, SHAW, Molly, 5, 12, 4, 52, .154, 1, 0, 1, 0, 13, 0, 1, 0, 1, 12.5, 
18, STONER, Jocelyn, 5, 8, 2, 19, .316, 0, 0, 2, 0, 6, 1, 2, 0, 0, 10.0, 
TM, TEAM, 2, 0, 0, 0, .000, 0, 0, 0, 2, 0, 0, 0, 0, 0, 0.0, 
Totals, 62, 22, 198, .202, 57, 2, 8, 6, 113, 2, 14, 2, 3, 73.0, 
~
