Final, 1, 2, 3, 4, 5, Score, 
Valparaiso (13-2), 25, 13, 25, 19, 15, 3, 
Purdue Fort Wayne (9-5), 17, 25, 23, 25, 9, 2, 
~
Valparaiso, 
, -- Attack --, , -- Serve --, , -- Block --, , , 
#, Player, SP, K, E, TA, K%, A, SA, SE, RE, DIGS, BS, BA, BE, BHE, PTS, 
1, Haley Hart, 1, 0, 0, 1, .000, 0, 0, 0, 0, 0, 0, 0, 0, 0, 0.0, 
2, Melissa Flynders, 4, 0, 0, 0, .000, 3, 0, 1, 1, 9, 0, 0, 0, 0, 0.0, 
3, Katherine Carlson, 5, 11, 6, 44, .114, 1, 0, 2, 1, 16, 0, 3, 0, 0, 12.5, 
5, Sydney Bronner, 5, 8, 1, 20, .350, 0, 0, 0, 0, 3, 2, 6, 0, 0, 13.0, 
6, Lizzie Zaleski, 4, 10, 4, 24, .250, 0, 0, 0, 0, 4, 0, 1, 0, 0, 10.5, 
7, Rylee Cookerly, 5, 0, 0, 0, .000, 7, 0, 1, 2, 27, 0, 0, 0, 0, 0.0, 
8, Alana Brown, 3, 0, 0, 0, .000, 0, 0, 2, 0, 1, 0, 0, 0, 0, 0.0, 
9, Brittany Anderson, 5, 5, 0, 8, .625, 46, 0, 1, 0, 21, 1, 2, 1, 0, 7.0, 
10, Allison Ketcham, 5, 16, 6, 55, .182, 1, 0, 0, 0, 16, 3, 3, 3, 0, 20.5, 
11, Jaclyn Bulmahn, 2, 0, 0, 6, .000, 0, 0, 1, 0, 1, 0, 0, 0, 0, 0.0, 
14, Gabrielle Daniels, 1, 0, 0, 0, .000, 0, 0, 1, 0, 0, 0, 0, 0, 0, 0.0, 
16, Ally Cummings, 3, 4, 2, 14, .143, 1, 0, 1, 0, 5, 0, 2, 0, 0, 5.0, 
17, Peyton McCarthy, 5, 8, 2, 29, .207, 0, 0, 1, 0, 2, 0, 5, 2, 0, 10.5, 
Totals, 62, 21, 201, .204, 59, 0, 11, 4, 105, 6, 22, 6, 0, 79.0, 
~
Purdue Fort Wayne, 
, -- Attack --, , -- Serve --, , -- Block --, , , 
#, Player, SP, K, E, TA, K%, A, SA, SE, RE, DIGS, BS, BA, BE, BHE, PTS, 
1, Madison Jaqua, 5, 1, 0, 4, .250, 42, 1, 0, 0, 17, 0, 0, 0, 0, 2.0, 
3, Elizabeth Britner, 5, 0, 0, 0, .000, 4, 1, 2, 0, 19, 0, 0, 0, 0, 1.0, 
4, Victoria Mills, 5, 0, 0, 0, .000, 6, 0, 1, 0, 14, 0, 0, 0, 0, 0.0, 
8, Elizabeth Fuerst, 5, 12, 4, 48, .167, 0, 0, 0, 0, 4, 0, 3, 2, 0, 13.5, 
9, Katie Crowe, 5, 15, 6, 47, .191, 2, 2, 4, 0, 22, 0, 5, 0, 0, 19.5, 
10, Sandra Hoevels, 5, 3, 1, 8, .250, 0, 0, 0, 0, 1, 0, 5, 0, 1, 5.5, 
13, Sydney Boerst, 5, 9, 5, 22, .182, 1, 0, 0, 0, 3, 0, 4, 0, 0, 11.0, 
14, Madelyn Wurster, 5, 2, 2, 9, .000, 0, 0, 0, 0, 3, 0, 0, 1, 0, 2.0, 
24, Nicole Rightnowar, 5, 19, 8, 66, .167, 2, 0, 1, 0, 17, 0, 1, 1, 0, 19.5, 
Totals, 61, 26, 204, .172, 57, 4, 8, 0, 100, 0, 18, 4, 1, 74.0, 
~
