Final, 1, 2, 3, 4, Score, 
Samford (4-8), 25, 20, 34, 14, 1, 
Denver (9-1), 19, 25, 36, 25, 3, 
~
Samford, 
, -- Attack --, , -- Serve --, , -- Block --, , , 
#, Player, SP, K, E, TA, K%, A, SA, SE, RE, DIGS, BS, BA, BE, BHE, PTS, 
2, Taylor Anderton, 4, 2, 1, 6, .167, 51, 0, 0, 0, 10, 0, 1, 0, 1, 2.5, 
3, Shayla Phillip, 4, 8, 3, 21, .238, 0, 0, 0, 0, 0, 1, 2, 0, 0, 10.0, 
4, Krista Boesing, 4, 20, 9, 50, .220, 0, 0, 0, 0, 2, 0, 1, 1, 0, 20.5, 
5, Lauren Deaton, 4, 9, 8, 33, .030, 1, 0, 1, 5, 13, 0, 1, 0, 0, 9.5, 
8, Kelsi Hobbs, 4, 18, 7, 44, .250, 2, 0, 2, 0, 13, 0, 2, 0, 0, 19.0, 
12, Grace Tiesman, 4, 0, 0, 2, .000, 1, 0, 2, 5, 14, 0, 0, 0, 0, 0.0, 
13, Briana Holmes, 4, 1, 1, 4, .000, 0, 0, 0, 0, 1, 0, 3, 1, 0, 2.5, 
15, Alana Schouten, 4, 0, 0, 0, .000, 0, 0, 0, 0, 2, 0, 0, 0, 0, 0.0, 
16, Courtney Johnson, 4, 0, 0, 0, .000, 2, 0, 0, 1, 7, 0, 0, 0, 0, 0.0, 
Totals, 58, 29, 160, .181, 57, 0, 5, 11, 62, 1, 10, 2, 1, 64.0, 
~
Denver, 
, -- Attack --, , -- Serve --, , -- Block --, , , 
#, Player, SP, K, E, TA, K%, A, SA, SE, RE, DIGS, BS, BA, BE, BHE, PTS, 
1, Graceyn Tippens, 1, 0, 0, 0, .000, 1, 0, 0, 0, 3, 0, 0, 0, 0, 0.0, 
2, Katarina Marinkovic, 4, 11, 2, 23, .391, 1, 0, 1, 0, 8, 0, 3, 1, 0, 12.5, 
3, Andrea Eddy, 4, 2, 0, 4, .500, 19, 6, 1, 0, 9, 0, 1, 0, 2, 8.5, 
5, Olivia Novotny, 3, 0, 0, 0, .000, 5, 1, 2, 0, 11, 0, 0, 0, 0, 1.0, 
6, Ellie Anderson, 4, 0, 0, 1, .000, 25, 0, 1, 0, 8, 0, 0, 0, 1, 0.0, 
7, Lauren McManus, 1, 0, 0, 0, .000, 2, 1, 0, 0, 0, 0, 0, 0, 0, 1.0, 
8, Becca Latham, 4, 15, 3, 28, .429, 0, 0, 0, 0, 0, 0, 2, 0, 0, 16.0, 
10, Lydia Bartalo, 4, 10, 7, 36, .083, 2, 0, 2, 0, 7, 1, 1, 1, 0, 11.5, 
12, Macy Carrabine, 3, 0, 0, 1, .000, 0, 0, 0, 0, 10, 0, 0, 0, 0, 0.0, 
13, Tina Boe, 4, 8, 3, 20, .250, 0, 3, 1, 0, 4, 1, 7, 0, 0, 15.5, 
14, Taylor Joachim, 4, 3, 5, 19, -.105, 0, 0, 0, 0, 2, 0, 4, 0, 0, 5.0, 
15, Emma Willis, 4, 10, 2, 22, .364, 0, 0, 0, 0, 0, 0, 4, 1, 0, 12.0, 
Totals, 59, 22, 154, .240, 55, 11, 8, 0, 62, 2, 22, 3, 3, 83.0, 
~
