Final, 1, 2, 3, 4, Score, 
Eastern Mich. (5-3), 20, 20, 26, 23, 1, 
Purdue Fort Wayne (5-3), 25, 25, 24, 25, 3, 
~
Eastern Mich., 
, -- Attack --, , -- Serve --, , -- Block --, , , 
#, Player, SP, K, E, TA, K%, A, SA, SE, RE, DIGS, BS, BA, BE, BHE, PTS, 
1, Franki Strefling, 4, 11, 3, 32, .250, 0, 0, 2, 2, 10, 0, 3, 0, 0, 12.5, 
2, April Houston, 4, 7, 2, 20, .250, 0, 0, 3, 0, 2, 0, 6, 1, 0, 10.0, 
3, Mallory Rajewski, 4, 0, 1, 10, -.100, 29, 0, 0, 0, 16, 0, 1, 0, 2, 0.5, 
5, Mackenzie Garis, 4, 0, 0, 0, .000, 0, 0, 0, 0, 2, 0, 0, 0, 0, 0.0, 
6, Camille Schomer, 2, 0, 0, 0, .000, 0, 0, 0, 1, 1, 0, 0, 0, 0, 0.0, 
8, Riley Taylor, 4, 0, 0, 0, .000, 17, 2, 0, 0, 11, 0, 0, 0, 0, 2.0, 
9, Heidi Fausze, 1, 0, 0, 1, .000, 0, 0, 0, 0, 1, 0, 0, 0, 0, 0.0, 
10, Julia Fisher, 3, 3, 1, 12, .167, 0, 0, 0, 0, 3, 0, 3, 0, 0, 4.5, 
12, Jordan Smith, 4, 15, 4, 42, .262, 0, 0, 1, 3, 7, 0, 2, 0, 0, 16.0, 
13, Cassie Haut, 4, 6, 5, 22, .045, 0, 0, 0, 0, 2, 1, 2, 0, 0, 8.0, 
14, Alyssa Laface, 4, 0, 1, 1, -1.000, 5, 0, 3, 1, 22, 0, 0, 0, 0, 0.0, 
15, Ariel Hamby, 4, 10, 1, 22, .409, 0, 0, 0, 0, 1, 0, 2, 0, 0, 11.0, 
TM, Team, 2, 0, 0, 0, .000, 0, 0, 0, 3, 0, 0, 0, 0, 0, 0.0, 
Totals, 52, 18, 162, .210, 51, 2, 9, 10, 78, 1, 19, 1, 2, 64.5, 
~
Purdue Fort Wayne, 
, -- Attack --, , -- Serve --, , -- Block --, , , 
#, Player, SP, K, E, TA, K%, A, SA, SE, RE, DIGS, BS, BA, BE, BHE, PTS, 
1, Madison Jaqua, 4, 3, 1, 9, .222, 52, 1, 1, 0, 10, 0, 1, 0, 0, 4.5, 
3, Elizabeth Britner, 4, 0, 0, 0, .000, 3, 3, 3, 2, 15, 0, 0, 0, 0, 3.0, 
4, Victoria Mills, 4, 0, 0, 0, .000, 2, 1, 0, 0, 13, 0, 0, 0, 0, 1.0, 
8, Elizabeth Fuerst, 4, 17, 8, 40, .225, 0, 0, 0, 0, 3, 0, 1, 0, 0, 17.5, 
9, Katie Crowe, 4, 12, 4, 40, .200, 1, 1, 5, 0, 13, 0, 0, 0, 0, 13.0, 
10, Sandra Hoevels, 4, 1, 2, 10, -.100, 0, 0, 0, 0, 1, 0, 1, 0, 0, 1.5, 
13, Sydney Boerst, 4, 13, 4, 29, .310, 0, 3, 2, 0, 3, 0, 2, 0, 0, 17.0, 
24, Nicole Rightnowar, 4, 13, 3, 44, .227, 0, 1, 1, 0, 20, 0, 1, 0, 0, 14.5, 
Totals, 59, 22, 172, .215, 58, 10, 12, 2, 78, 0, 6, 0, 0, 72.0, 
~
