Final, 1, 2, 3, 4, Score, 
North Dakota State (2-6), 9, 25, 19, 15, 1, 
Indiana (5-1), 25, 22, 25, 25, 3, 
~
North Dakota State, 
, -- Attack --, , -- Serve --, , -- Block --, , , 
#, Player, SP, K, E, TA, K%, A, SA, SE, RE, DIGS, BS, BA, BE, BHE, PTS, 
1, Kirstin Tidd, 4, 4, 5, 12, -.083, 0, 0, 0, 0, 0, 0, 2, 0, 0, 5.0, 
2, Allie Mauch, 4, 13, 5, 32, .250, 0, 0, 0, 0, 3, 0, 2, 0, 0, 14.0, 
5, McKenzie Burke, 4, 5, 4, 17, .059, 0, 0, 1, 1, 8, 0, 0, 0, 0, 5.0, 
6, Alex Erickson, 4, 0, 0, 1, .000, 0, 0, 0, 2, 12, 0, 0, 0, 0, 0.0, 
7, Abbi Klos, 4, 0, 0, 0, .000, 1, 0, 0, 1, 6, 0, 0, 0, 0, 0.0, 
8, Bella Lien, 1, 0, 2, 3, -.667, 0, 0, 0, 0, 2, 0, 0, 0, 0, 0.0, 
9, Emily Halverson, 4, 5, 1, 18, .222, 1, 0, 0, 1, 3, 0, 1, 0, 0, 5.5, 
10, Maggie Steffen, 3, 0, 2, 14, -.143, 0, 0, 0, 0, 3, 0, 0, 0, 0, 0.0, 
11, Paige Schaffer, 3, 0, 0, 0, .000, 1, 0, 0, 0, 7, 0, 0, 0, 0, 0.0, 
12, Kaylee Hanger, 4, 1, 0, 2, .500, 1, 0, 0, 2, 15, 0, 0, 0, 0, 1.0, 
13, Alexis Bachmeier, 4, 11, 12, 55, -.018, 0, 0, 0, 0, 10, 0, 0, 0, 0, 11.0, 
16, Kalli Hegerle, 4, 2, 3, 9, -.111, 33, 2, 1, 0, 15, 1, 1, 1, 1, 5.5, 
Totals, 41, 34, 163, .043, 37, 2, 2, 7, 84, 1, 6, 1, 1, 47.0, 
~
Indiana, 
, -- Attack --, , -- Serve --, , -- Block --, , , 
#, Player, SP, K, E, TA, K%, A, SA, SE, RE, DIGS, BS, BA, BE, BHE, PTS, 
1, Brisack, Victoria, 4, 0, 0, 0, .000, 20, 1, 1, 0, 9, 0, 0, 0, 0, 1.0, 
2, Huybers, Hayden, 4, 4, 1, 17, .176, 0, 0, 0, 0, 1, 0, 4, 0, 0, 6.0, 
4, Lebo, Bayli, 4, 0, 0, 0, .000, 4, 2, 0, 0, 20, 0, 0, 0, 0, 2.0, 
8, Koors, Meaghan, 2, 0, 0, 0, .000, 1, 0, 0, 0, 3, 0, 0, 0, 0, 0.0, 
11, Edwards, Breana, 4, 11, 6, 45, .111, 2, 0, 0, 0, 9, 2, 2, 0, 0, 14.0, 
12, Fogg, Samantha, 3, 1, 0, 1, 1.000, 0, 0, 0, 0, 4, 0, 0, 0, 0, 1.0, 
13, Johnson, Lexi, 4, 6, 2, 14, .286, 0, 1, 0, 0, 0, 1, 4, 0, 0, 10.0, 
14, Asdell, Elizabeth, 4, 8, 2, 25, .240, 0, 0, 0, 0, 3, 1, 3, 0, 0, 10.5, 
16, Lofton, Deyshia, 4, 7, 2, 14, .357, 0, 0, 0, 0, 0, 0, 8, 1, 0, 11.0, 
17, Beerman, Kendall, 4, 10, 5, 37, .135, 0, 1, 1, 2, 10, 0, 2, 0, 0, 12.0, 
18, Westenhofer, Abigail, 4, 0, 0, 0, .000, 15, 1, 2, 0, 10, 0, 0, 0, 0, 1.0, 
22, Malloy, Kamryn, 2, 1, 0, 3, .333, 0, 1, 0, 0, 3, 0, 1, 0, 0, 2.5, 
27, Meehan, Nora, 2, 0, 0, 0, .000, 1, 0, 0, 0, 3, 0, 0, 0, 0, 0.0, 
TM, TEAM, 1, 0, 0, 0, .000, 0, 0, 0, 0, 0, 0, 0, 0, 0, 0.0, 
Totals, 48, 18, 156, .192, 43, 7, 4, 2, 75, 4, 24, 1, 0, 71.0, 
~
