Final, 1, 2, 3, Score, 
Western Illinois (1-15 (0-3)), 19, 15, 13, 0, 
Omaha (8-7 (3-0)), 25, 25, 25, 3, 
~
Western Illinois, 
, -- Attack --, , -- Serve --, , -- Block --, , , 
#, Player, SP, K, E, TA, K%, A, SA, SE, RE, DIGS, BS, BA, BE, BHE, PTS, 
3, Shiah Sanders, 3, 5, 2, 12, .250, 0, 0, 0, 0, 0, 0, 0, 0, 0, 5.0, 
5, Jaime Johnson, 3, 1, 1, 3, .000, 8, 1, 1, 0, 5, 0, 1, 0, 0, 2.5, 
6, Mariah Mitchell, 3, 1, 3, 8, -.250, 0, 0, 0, 0, 0, 0, 1, 0, 0, 1.5, 
7, Melanie Patenaude, 3, 4, 5, 19, -.053, 0, 0, 0, 1, 4, 0, 1, 0, 0, 4.5, 
8, Claire Grove, 3, 0, 1, 1, -1.000, 2, 1, 1, 2, 8, 0, 0, 0, 0, 1.0, 
11, Abby Knoop, 2, 1, 1, 4, .000, 0, 0, 0, 0, 0, 0, 0, 0, 0, 1.0, 
12, Erika Moore, 3, 0, 0, 0, .000, 0, 0, 0, 1, 0, 0, 0, 0, 0, 0.0, 
14, Cassie Hunt, 3, 0, 0, 0, .000, 10, 1, 2, 0, 6, 0, 0, 0, 2, 1.0, 
17, Riley Schumacher, 2, 0, 2, 3, -.667, 0, 0, 0, 0, 0, 0, 1, 0, 0, 0.5, 
21, Madeline Dieter, 3, 5, 1, 10, .400, 0, 0, 1, 0, 0, 0, 2, 0, 0, 6.0, 
23, Jovana Bulatovic, 2, 1, 0, 2, .500, 0, 0, 2, 0, 0, 0, 0, 0, 0, 1.0, 
24, Emma Norris, 3, 3, 1, 19, .105, 0, 0, 0, 1, 2, 0, 0, 0, 0, 3.0, 
Totals, 21, 17, 81, .049, 20, 3, 7, 5, 25, 0, 6, 0, 2, 27.0, 
~
Omaha, 
, -- Attack --, , -- Serve --, , -- Block --, , , 
#, Player, SP, K, E, TA, K%, A, SA, SE, RE, DIGS, BS, BA, BE, BHE, PTS, 
1, Courtney Morehead, 3, 0, 0, 0, .000, 1, 0, 1, 0, 10, 0, 0, 0, 0, 0.0, 
3, Abby Bergsten, 3, 5, 3, 14, .143, 0, 0, 0, 0, 2, 0, 1, 0, 0, 5.5, 
5, Kenzie Michalek, 3, 1, 0, 1, 1.000, 2, 0, 1, 2, 4, 0, 0, 0, 0, 1.0, 
6, Isabella Sade, 3, 11, 2, 14, .643, 0, 0, 1, 0, 1, 0, 4, 2, 0, 13.0, 
7, Alexa Blase, 1, 1, 1, 2, .000, 0, 0, 0, 0, 0, 0, 0, 0, 0, 1.0, 
8, Claire Mountjoy, 3, 0, 0, 0, .000, 0, 1, 0, 0, 11, 0, 0, 0, 0, 1.0, 
10, Sadie Limback, 3, 7, 1, 19, .316, 0, 2, 4, 1, 4, 0, 3, 0, 0, 10.5, 
11, Anna Blaschko, 3, 9, 0, 13, .692, 0, 0, 0, 0, 0, 1, 1, 1, 0, 10.5, 
14, Claire Leonard, 3, 8, 3, 18, .278, 0, 0, 0, 0, 0, 0, 0, 0, 0, 8.0, 
16, Maggie Meyer, 1, 0, 0, 0, .000, 0, 0, 1, 0, 1, 0, 0, 0, 0, 0.0, 
24, Sydney Case, 3, 1, 0, 1, 1.000, 38, 2, 3, 0, 2, 0, 1, 0, 2, 3.5, 
Totals, 43, 10, 82, .402, 41, 5, 11, 3, 35, 1, 10, 3, 2, 54.0, 
~
