Final, 1, 2, 3, 4, 5, Score, 
Purdue Fort Wayne (11-7 (2-2)), 25, 21, 21, 25, 10, 2, 
Omaha (9-7 (4-0)), 18, 25, 25, 20, 15, 3, 
~
Purdue Fort Wayne, 
, -- Attack --, , -- Serve --, , -- Block --, , , 
#, Player, SP, K, E, TA, K%, A, SA, SE, RE, DIGS, BS, BA, BE, BHE, PTS, 
1, Madison Jaqua, 5, 3, 0, 4, .750, 48, 1, 0, 0, 13, 0, 1, 0, 0, 4.5, 
2, Julia Wayer, 1, 0, 0, 0, .000, 0, 0, 0, 0, 0, 0, 0, 0, 0, 0.0, 
3, Elizabeth Britner, 5, 0, 0, 0, .000, 4, 0, 1, 3, 24, 0, 0, 0, 0, 0.0, 
4, Victoria Mills, 5, 0, 0, 0, .000, 0, 0, 1, 0, 6, 0, 0, 0, 0, 0.0, 
5, Je'Bria Green, 5, 3, 3, 8, .000, 0, 0, 0, 0, 2, 1, 2, 0, 0, 5.0, 
7, Taylor Duddleston, 1, 0, 0, 0, .000, 0, 0, 1, 0, 0, 0, 0, 0, 0, 0.0, 
8, Elizabeth Fuerst, 4, 4, 1, 12, .250, 1, 0, 0, 0, 2, 0, 0, 0, 0, 4.0, 
9, Katie Crowe, 5, 21, 7, 59, .237, 3, 1, 6, 1, 12, 0, 0, 0, 0, 22.0, 
10, Sandra Hoevels, 3, 2, 0, 7, .286, 0, 0, 0, 0, 0, 0, 0, 0, 0, 2.0, 
12, Sydney Cox, 1, 0, 0, 0, .000, 0, 0, 0, 0, 0, 0, 0, 0, 0, 0.0, 
13, Sydney Boerst, 5, 7, 4, 17, .176, 0, 0, 1, 0, 1, 0, 2, 0, 0, 8.0, 
24, Nicole Rightnowar, 5, 17, 7, 48, .208, 0, 2, 0, 1, 17, 0, 1, 0, 0, 19.5, 
TM, TEAM, 1, 0, 0, 0, .000, 0, 0, 0, 1, 0, 0, 0, 0, 0, 0.0, 
Totals, 57, 22, 155, .226, 56, 4, 10, 6, 77, 1, 6, 0, 0, 65.0, 
~
Omaha, 
, -- Attack --, , -- Serve --, , -- Block --, , , 
#, Player, SP, K, E, TA, K%, A, SA, SE, RE, DIGS, BS, BA, BE, BHE, PTS, 
1, Courtney Morehead, 5, 0, 0, 0, .000, 0, 0, 1, 0, 9, 0, 0, 0, 0, 0.0, 
3, Abby Bergsten, 5, 14, 2, 34, .353, 0, 0, 0, 0, 0, 0, 0, 1, 0, 14.0, 
5, Kenzie Michalek, 5, 0, 0, 0, .000, 1, 0, 4, 1, 7, 0, 0, 0, 0, 0.0, 
6, Isabella Sade, 5, 10, 7, 23, .130, 0, 2, 3, 0, 6, 0, 4, 1, 0, 14.0, 
8, Claire Mountjoy, 5, 0, 0, 0, .000, 2, 1, 1, 0, 13, 0, 0, 0, 0, 1.0, 
10, Sadie Limback, 5, 7, 2, 34, .147, 0, 2, 7, 3, 14, 0, 4, 1, 0, 11.0, 
11, Anna Blaschko, 5, 12, 3, 32, .281, 0, 0, 0, 0, 0, 1, 4, 0, 0, 15.0, 
14, Claire Leonard, 5, 20, 7, 49, .265, 0, 0, 0, 0, 3, 0, 2, 0, 0, 21.0, 
24, Sydney Case, 5, 1, 1, 5, .000, 54, 1, 2, 0, 10, 0, 2, 0, 1, 3.0, 
Totals, 64, 22, 177, .237, 57, 6, 18, 4, 62, 1, 16, 3, 1, 79.0, 
~
