Final, 1, 2, 3, 4, Score, 
Weber St. (3-2), 25, 25, 26, 25, 3, 
South Dakota State (0-5), 16, 20, 28, 16, 1, 
~
Weber St., 
, -- Attack --, , -- Serve --, , -- Block --, , , 
#, Player, SP, K, E, TA, K%, A, SA, SE, RE, DIGS, BS, BA, BE, BHE, PTS, 
1, ROBERTS, Rylin, 4, 13, 2, 39, .282, 2, 1, 0, 0, 15, 0, 1, 0, 0, 14.5, 
3, ERWIN, Katie, 4, 0, 0, 0, .000, 0, 0, 0, 0, 22, 0, 0, 0, 0, 0.0, 
5, HALE, Andrea, 4, 13, 9, 38, .105, 1, 1, 0, 0, 9, 0, 2, 0, 0, 15.0, 
8, GNEITING, Megan, 4, 15, 5, 45, .222, 0, 1, 0, 0, 14, 0, 4, 0, 0, 18.0, 
10, EVANS, Halle, 2, 0, 0, 0, .000, 0, 0, 0, 0, 0, 0, 0, 0, 0, 0.0, 
11, HILL, Hannah, 4, 11, 1, 16, .625, 0, 0, 0, 1, 3, 1, 2, 2, 0, 13.0, 
13, REDD, Kennedy, 2, 0, 0, 3, .000, 0, 0, 0, 0, 0, 0, 1, 0, 0, 0.5, 
15, SCHIESS, Sam, 4, 10, 3, 19, .368, 0, 0, 0, 0, 1, 0, 4, 2, 0, 12.0, 
18, OLSON, Emily, 1, 0, 0, 0, .000, 0, 0, 0, 0, 0, 0, 0, 0, 0, 0.0, 
19, POWER, Ashlyn, 4, 1, 1, 2, .000, 51, 3, 4, 0, 14, 0, 0, 0, 2, 4.0, 
20, SAUNDERS, Aubrey, 1, 0, 0, 0, .000, 0, 0, 0, 0, 0, 0, 0, 0, 0, 0.0, 
Totals, 63, 21, 162, .259, 54, 6, 4, 1, 78, 1, 14, 4, 2, 77.0, 
~
South Dakota State, 
, -- Attack --, , -- Serve --, , -- Block --, , , 
#, Player, SP, K, E, TA, K%, A, SA, SE, RE, DIGS, BS, BA, BE, BHE, PTS, 
1, Sierra Peterson, 4, 10, 2, 24, .333, 0, 0, 0, 0, 1, 0, 2, 0, 0, 11.0, 
2, Kari Brucker, 4, 0, 0, 0, .000, 4, 0, 1, 1, 24, 0, 0, 0, 0, 0.0, 
3, Makenzie Hennen, 4, 18, 4, 53, .264, 0, 1, 0, 1, 12, 0, 0, 0, 0, 19.0, 
4, Ashlynn Smith, 2, 1, 3, 10, -.200, 0, 0, 0, 0, 0, 0, 0, 0, 0, 1.0, 
5, Kasey Brower, 2, 0, 0, 0, .000, 0, 0, 0, 0, 1, 0, 0, 0, 0, 0.0, 
9, Crystal Burk, 3, 11, 4, 32, .219, 1, 0, 3, 4, 7, 0, 1, 1, 0, 11.5, 
11, Payton Richardson, 4, 7, 4, 20, .150, 0, 0, 0, 0, 0, 2, 1, 2, 0, 9.5, 
12, Ellie Thein, 4, 0, 2, 3, -.667, 1, 0, 0, 0, 12, 0, 0, 0, 0, 0.0, 
15, Sydney Andrews, 4, 3, 4, 14, -.071, 0, 0, 0, 0, 5, 0, 2, 0, 0, 4.0, 
18, Maddie Fay, 4, 1, 3, 8, -.250, 42, 0, 2, 0, 6, 0, 0, 1, 0, 1.0, 
Totals, 51, 26, 164, .152, 48, 1, 6, 6, 68, 2, 6, 4, 0, 57.0, 
~
