Final, 1, 2, 3, 4, 5, Score, 
Oral Roberts (3-9), 19, 25, 28, 19, 8, 2, 
SIUE (1-11), 25, 22, 26, 25, 15, 3, 
~
Oral Roberts, 
, -- Attack --, , -- Serve --, , -- Block --, , , 
#, Player, SP, K, E, TA, K%, A, SA, SE, RE, DIGS, BS, BA, BE, BHE, PTS, 
1, Tori Roe, 5, 1, 2, 5, -.200, 4, 0, 1, 2, 28, 0, 0, 0, 0, 1.0, 
3, Mya King, 3, 0, 0, 0, .000, 0, 1, 1, 0, 0, 0, 0, 0, 0, 1.0, 
6, Inka Inkret, 5, 0, 1, 1, -1.000, 3, 1, 0, 2, 11, 0, 0, 0, 0, 1.0, 
10, Bria Bergman, 5, 6, 0, 13, .462, 38, 0, 0, 0, 16, 0, 1, 0, 1, 6.5, 
11, Taylan Nero, 5, 8, 2, 22, .273, 0, 0, 1, 0, 1, 0, 1, 0, 0, 8.5, 
12, Bri Greenlee, 5, 8, 4, 30, .133, 0, 0, 0, 1, 4, 0, 3, 0, 0, 9.5, 
13, Sarah Thiessen, 5, 0, 0, 2, .000, 4, 0, 0, 0, 5, 0, 0, 0, 0, 0.0, 
14, Katarina Mikulic, 5, 9, 6, 39, .077, 0, 0, 0, 0, 7, 0, 0, 0, 0, 9.0, 
15, Morgan Blomquist, 5, 5, 3, 18, .111, 1, 0, 0, 0, 3, 1, 4, 0, 0, 8.0, 
16, Lara Picht, 5, 14, 5, 63, .143, 0, 1, 1, 1, 16, 0, 1, 1, 0, 15.5, 
TM, TEAM, 2, 0, 0, 0, .000, 0, 0, 0, 0, 0, 0, 0, 0, 0, 0.0, 
Totals, 51, 23, 193, .145, 50, 3, 4, 6, 91, 1, 10, 1, 1, 60.0, 
~
SIUE, 
, -- Attack --, , -- Serve --, , -- Block --, , , 
#, Player, SP, K, E, TA, K%, A, SA, SE, RE, DIGS, BS, BA, BE, BHE, PTS, 
2, Ellen LeMasters, 5, 12, 8, 29, .138, 0, 2, 2, 0, 11, 0, 2, 0, 0, 15.0, 
3, Grace Hurst, 5, 0, 1, 4, -.250, 7, 1, 1, 1, 24, 0, 0, 0, 0, 1.0, 
6, Dylynn Otte, 5, 19, 7, 51, .235, 4, 0, 4, 0, 23, 0, 2, 0, 0, 20.0, 
8, Mallory Nicholson, 5, 5, 1, 7, .571, 31, 2, 2, 0, 11, 0, 0, 0, 0, 7.0, 
11, Rachel McDonald, 5, 16, 3, 43, .302, 4, 1, 2, 2, 26, 0, 1, 0, 0, 17.5, 
12, Sami Knight, 5, 2, 0, 8, .250, 24, 0, 0, 0, 4, 0, 2, 0, 1, 3.0, 
15, Leila Manaois, 4, 0, 0, 1, .000, 0, 0, 1, 0, 2, 0, 0, 0, 0, 0.0, 
18, Annie Ellis, 5, 11, 1, 32, .312, 0, 0, 2, 0, 1, 0, 5, 0, 0, 13.5, 
20, Hope Everett, 5, 12, 6, 30, .200, 1, 0, 0, 0, 0, 1, 2, 0, 0, 14.0, 
Totals, 77, 27, 205, .244, 71, 6, 14, 3, 102, 1, 14, 0, 1, 91.0, 
~
