Final, 1, 2, 3, 4, 5, Score, 
George Washington (2-2), 25, 25, 26, 20, 21, 3, 
Western Illinois (1-4), 15, 17, 28, 25, 19, 2, 
~
George Washington, 
, -- Attack --, , -- Serve --, , -- Block --, , , 
#, Player, SP, K, E, TA, K%, A, SA, SE, RE, DIGS, BS, BA, BE, BHE, PTS, 
1, Callie Fauntleroy, 1, 3, 2, 6, .167, 0, 0, 0, 0, 0, 0, 0, 0, 0, 3.0, 
2, Alexis Lete, 4, 8, 3, 20, .250, 0, 0, 0, 0, 0, 0, 1, 0, 0, 8.5, 
3, Bella Bowman, 5, 0, 0, 0, .000, 3, 0, 1, 1, 24, 0, 0, 0, 0, 0.0, 
4, Kelsey Clark, 5, 7, 1, 23, .261, 1, 1, 0, 0, 5, 0, 9, 0, 0, 12.5, 
6, Skylar Iott, 5, 23, 11, 60, .200, 0, 1, 2, 4, 12, 0, 2, 0, 0, 25.0, 
9, Heather Merryman, 1, 0, 0, 0, .000, 0, 0, 0, 0, 0, 0, 0, 0, 0, 0.0, 
11, Paz Dozie-Nnamah, 5, 6, 5, 15, .067, 0, 0, 0, 1, 1, 0, 2, 1, 0, 7.0, 
12, Sydney Welch, 5, 0, 0, 0, .000, 4, 2, 0, 1, 7, 0, 0, 0, 0, 2.0, 
14, Jaimeson Lee, 5, 2, 0, 5, .400, 49, 0, 2, 0, 16, 1, 1, 2, 0, 3.5, 
16, Jordan Young, 5, 15, 8, 51, .137, 0, 4, 6, 0, 7, 0, 5, 1, 0, 21.5, 
Totals, 64, 30, 180, .189, 57, 8, 11, 7, 72, 1, 20, 4, 0, 83.0, 
~
Western Illinois, 
, -- Attack --, , -- Serve --, , -- Block --, , , 
#, Player, SP, K, E, TA, K%, A, SA, SE, RE, DIGS, BS, BA, BE, BHE, PTS, 
3, Shiah Sanders, 5, 7, 7, 24, .000, 0, 0, 0, 0, 7, 0, 4, 0, 0, 9.0, 
5, Jaime Johnson, 5, 1, 1, 4, .000, 38, 0, 3, 0, 24, 0, 4, 0, 1, 3.0, 
6, Mariah Mitchell, 3, 0, 2, 10, -.200, 0, 0, 0, 0, 1, 0, 1, 0, 0, 0.5, 
7, Melanie Patenaude, 5, 12, 13, 54, -.019, 0, 1, 3, 0, 11, 0, 1, 0, 0, 13.5, 
8, Claire Grove, 5, 0, 0, 1, .000, 8, 1, 3, 2, 17, 0, 0, 0, 0, 1.0, 
11, Abby Knoop, 1, 2, 0, 4, .500, 0, 0, 0, 2, 1, 0, 0, 0, 0, 2.0, 
12, Erika Moore, 5, 0, 0, 0, .000, 1, 0, 0, 2, 11, 0, 0, 0, 0, 0.0, 
14, Cassie Hunt, 2, 0, 1, 1, -1.000, 3, 2, 0, 0, 4, 0, 0, 0, 0, 2.0, 
15, Mackenzie Steckler, 5, 12, 2, 24, .417, 0, 1, 1, 0, 3, 1, 7, 1, 0, 17.5, 
17, Riley Schumacher, 5, 6, 4, 16, .125, 0, 0, 0, 0, 1, 1, 2, 0, 0, 8.0, 
24, Emma Norris, 4, 11, 3, 28, .286, 0, 2, 0, 0, 2, 0, 1, 0, 0, 13.5, 
TM, TEAM, 2, 0, 0, 0, .000, 0, 0, 0, 2, 0, 0, 0, 0, 0, 0.0, 
Totals, 51, 33, 166, .108, 50, 7, 10, 8, 82, 2, 20, 1, 1, 70.0, 
~
