Final, 1, 2, 3, Score, 
North Dakota State (8-19 (6-10 Summit)), 18, 18, 17, 0, 
South Dakota (19-9 (13-3 Summit)), 25, 25, 25, 3, 
~
North Dakota State, 
, -- Attack --, , -- Serve --, , -- Block --, , , 
#, Player, SP, K, E, TA, K%, A, SA, SE, RE, DIGS, BS, BA, BE, BHE, PTS, 
2, Allie Mauch, 3, 3, 4, 10, -.100, 0, 0, 0, 0, 1, 0, 1, 0, 0, 3.5, 
4, Ally Murphy, 3, 7, 3, 19, .211, 2, 0, 1, 0, 6, 0, 0, 0, 0, 7.0, 
5, McKenzie Burke, 2, 1, 3, 11, -.182, 1, 0, 0, 2, 5, 0, 0, 0, 0, 1.0, 
6, Alex Erickson, 2, 0, 0, 1, .000, 0, 0, 0, 1, 5, 0, 0, 0, 0, 0.0, 
7, Abbi Klos, 3, 0, 0, 0, .000, 1, 0, 0, 1, 13, 0, 0, 0, 0, 0.0, 
8, Bella Lien, 3, 3, 0, 11, .273, 0, 0, 0, 0, 0, 2, 1, 0, 0, 5.5, 
9, Emily Halverson, 3, 5, 2, 15, .200, 0, 0, 0, 0, 1, 0, 4, 0, 0, 7.0, 
10, Maggie Steffen, 2, 1, 1, 8, .000, 0, 1, 1, 0, 2, 0, 0, 0, 0, 2.0, 
12, Kaylee Hanger, 1, 0, 0, 0, .000, 0, 0, 0, 1, 0, 0, 0, 0, 0, 0.0, 
13, Alexis Bachmeier, 3, 3, 3, 15, .000, 0, 0, 0, 1, 1, 0, 0, 0, 0, 3.0, 
16, Kalli Hegerle, 3, 3, 1, 4, .500, 21, 0, 0, 0, 8, 0, 4, 0, 0, 5.0, 
TM, TEAM, 2, 0, 0, 0, .000, 0, 0, 0, 3, 0, 0, 0, 0, 0, 0.0, 
Totals, 26, 17, 94, .096, 25, 1, 2, 9, 42, 2, 10, 0, 0, 34.0, 
~
South Dakota, 
, -- Attack --, , -- Serve --, , -- Block --, , , 
#, Player, SP, K, E, TA, K%, A, SA, SE, RE, DIGS, BS, BA, BE, BHE, PTS, 
2, Claire Gerdes, 3, 9, 3, 13, .462, 0, 0, 0, 0, 2, 0, 1, 2, 0, 9.5, 
3, Taylor Wilson, 3, 8, 4, 20, .200, 0, 0, 1, 0, 1, 0, 1, 1, 0, 8.5, 
4, Madison Jurgens, 3, 2, 2, 7, .000, 37, 2, 2, 0, 7, 0, 0, 0, 1, 4.0, 
6, Hayley Dotseth, 3, 12, 2, 32, .312, 0, 6, 1, 1, 9, 0, 1, 0, 0, 18.5, 
8, Lauren Sauer, 1, 0, 0, 0, .000, 0, 0, 0, 0, 0, 0, 0, 0, 0, 0.0, 
9, Kristina Susak, 3, 4, 1, 14, .214, 0, 0, 0, 0, 0, 0, 1, 0, 0, 4.5, 
12, Elizabeth Loschen, 3, 9, 4, 23, .217, 1, 0, 0, 0, 1, 0, 0, 0, 1, 9.0, 
14, Lolo Weideman, 3, 1, 1, 2, .000, 2, 1, 1, 0, 6, 0, 0, 0, 0, 2.0, 
15, Anne Rasmussen, 3, 0, 0, 0, .000, 4, 0, 0, 0, 17, 0, 0, 0, 0, 0.0, 
16, Mehana Fonseca, 3, 1, 0, 1, 1.000, 0, 0, 1, 0, 2, 0, 0, 0, 0, 1.0, 
Totals, 46, 17, 112, .259, 44, 9, 6, 1, 45, 0, 4, 3, 2, 57.0, 
~
