Final, 1, 2, 3, 4, Score, 
Liberty (1-2), 41, 20, 25, 21, 1, 
Purdue Fort Wayne (1-1), 43, 25, 19, 25, 3, 
~
Liberty, 
, -- Attack --, , -- Serve --, , -- Block --, , , 
#, Player, SP, K, E, TA, K%, A, SA, SE, RE, DIGS, BS, BA, BE, BHE, PTS, 
1, Amaya Williams, 3, 0, 0, 0, .000, 20, 0, 0, 0, 4, 0, 0, 0, 0, 0.0, 
2, Anna Gragg, 4, 9, 2, 26, .269, 0, 0, 2, 0, 2, 0, 5, 1, 0, 11.5, 
4, Amelia Johnson, 3, 7, 2, 25, .200, 0, 0, 1, 2, 3, 0, 2, 0, 0, 8.0, 
6, Kaitlyn Young, 4, 0, 0, 0, .000, 1, 0, 0, 1, 6, 0, 0, 0, 0, 0.0, 
7, Casey Goodwin, 4, 20, 8, 41, .293, 0, 2, 3, 0, 11, 0, 3, 1, 0, 23.5, 
8, Hannah Morris, 4, 3, 1, 8, .250, 37, 0, 0, 0, 8, 0, 4, 1, 0, 5.0, 
9, Victoria Baptista, 4, 11, 7, 32, .125, 2, 2, 1, 2, 18, 2, 0, 2, 0, 15.0, 
10, Kainah Williams, 3, 6, 0, 10, .600, 0, 0, 0, 0, 1, 0, 3, 0, 0, 7.5, 
14, Kailey Macy, 1, 1, 1, 4, .000, 0, 0, 0, 0, 0, 0, 1, 0, 0, 1.5, 
19, Margaret Latchford, 4, 0, 0, 1, .000, 5, 1, 0, 1, 19, 0, 0, 0, 0, 1.0, 
24, Payton Carter, 4, 11, 6, 26, .192, 0, 0, 0, 0, 3, 0, 0, 1, 0, 11.0, 
Totals, 68, 27, 173, .237, 65, 5, 7, 6, 75, 2, 18, 6, 0, 84.0, 
~
Purdue Fort Wayne, 
, -- Attack --, , -- Serve --, , -- Block --, , , 
#, Player, SP, K, E, TA, K%, A, SA, SE, RE, DIGS, BS, BA, BE, BHE, PTS, 
1, Madison Jaqua, 4, 4, 1, 9, .333, 51, 0, 0, 0, 14, 0, 2, 0, 0, 5.0, 
2, Julia Wayer, 1, 0, 0, 0, .000, 0, 0, 0, 0, 1, 0, 0, 0, 0, 0.0, 
3, Elizabeth Britner, 4, 0, 0, 0, .000, 4, 0, 4, 1, 15, 0, 0, 0, 0, 0.0, 
4, Victoria Mills, 4, 0, 0, 0, .000, 1, 1, 1, 1, 5, 0, 0, 0, 0, 1.0, 
8, Elizabeth Fuerst, 4, 17, 2, 42, .357, 1, 0, 0, 0, 1, 1, 0, 0, 0, 18.0, 
9, Katie Crowe, 4, 15, 5, 40, .250, 0, 2, 5, 1, 15, 0, 1, 0, 0, 17.5, 
10, Sandra Hoevels, 4, 7, 2, 11, .455, 0, 0, 0, 0, 0, 0, 0, 1, 0, 7.0, 
13, Sydney Boerst, 4, 7, 3, 13, .308, 0, 0, 2, 0, 1, 1, 6, 0, 0, 11.0, 
24, Nicole Rightnowar, 4, 18, 8, 58, .172, 3, 3, 1, 0, 13, 0, 3, 1, 0, 22.5, 
TM, TEAM, 2, 0, 0, 0, .000, 0, 0, 0, 2, 0, 0, 0, 0, 0, 0.0, 
Totals, 68, 21, 173, .272, 60, 6, 13, 5, 65, 2, 12, 2, 0, 82.0, 
~
