Final, 1, 2, 3, Score, 
South Dakota State (1-7), 20, 25, 23, 0, 
Drake (8-0), 25, 27, 25, 3, 
~
South Dakota State, 
, -- Attack --, , -- Serve --, , -- Block --, , , 
#, Player, SP, K, E, TA, K%, A, SA, SE, RE, DIGS, BS, BA, BE, BHE, PTS, 
1, Sierra Peterson, 3, 8, 1, 21, .333, 0, 0, 0, 0, 3, 0, 3, 0, 0, 9.5, 
2, Kari Brucker, 3, 0, 0, 0, .000, 2, 0, 1, 1, 6, 0, 0, 0, 0, 0.0, 
3, Makenzie Hennen, 3, 18, 5, 48, .271, 0, 1, 0, 1, 14, 0, 0, 0, 0, 19.0, 
4, Ashlynn Smith, 3, 9, 4, 29, .172, 0, 1, 0, 1, 5, 0, 4, 0, 0, 12.0, 
5, Kasey Brower, 3, 0, 0, 0, .000, 0, 0, 0, 0, 7, 0, 0, 0, 0, 0.0, 
11, Payton Richardson, 3, 3, 3, 14, .000, 0, 0, 0, 0, 1, 0, 6, 0, 0, 6.0, 
12, Ellie Thein, 3, 0, 0, 0, .000, 1, 0, 0, 1, 14, 0, 0, 0, 0, 0.0, 
15, Sydney Andrews, 3, 2, 1, 8, .125, 0, 0, 2, 0, 0, 0, 2, 0, 0, 3.0, 
18, Maddie Fay, 3, 0, 1, 3, -.333, 36, 1, 0, 0, 6, 0, 1, 0, 0, 1.5, 
TM, TEAM, 1, 0, 0, 0, .000, 0, 0, 0, 0, 0, 0, 0, 0, 0, 0.0, 
Totals, 40, 15, 123, .203, 39, 3, 3, 4, 56, 0, 16, 0, 0, 51.0, 
~
Drake, 
, -- Attack --, , -- Serve --, , -- Block --, , , 
#, Player, SP, K, E, TA, K%, A, SA, SE, RE, DIGS, BS, BA, BE, BHE, PTS, 
4, Tubbs, Elle, 3, 6, 0, 11, .545, 0, 0, 0, 0, 4, 0, 2, 0, 0, 7.0, 
5, Fry, Natalie, 3, 6, 2, 11, .364, 0, 0, 1, 0, 2, 0, 3, 0, 0, 7.5, 
6, Smith, Caitlyn, 3, 0, 0, 1, .000, 24, 1, 0, 0, 6, 0, 0, 0, 1, 1.0, 
9, Macke, Kylee, 3, 0, 0, 0, .000, 1, 0, 0, 0, 16, 0, 0, 0, 0, 0.0, 
11, Plock, Emily, 3, 13, 0, 21, .619, 0, 0, 0, 0, 1, 0, 2, 0, 0, 14.0, 
12, Schofield, Grace, 2, 3, 2, 8, .125, 0, 0, 0, 0, 0, 0, 1, 0, 0, 3.5, 
13, Holmes, Callan, 3, 8, 3, 25, .200, 1, 2, 2, 0, 11, 0, 0, 0, 0, 10.0, 
14, Ford, Madi, 3, 0, 0, 0, .000, 1, 0, 1, 0, 4, 0, 0, 0, 0, 0.0, 
16, Gergen, Gillian, 2, 3, 4, 11, -.091, 0, 0, 0, 0, 1, 0, 1, 0, 0, 3.5, 
17, Aspinwall, Paige, 3, 1, 0, 1, 1.000, 22, 1, 0, 0, 12, 0, 0, 0, 0, 2.0, 
25, Cheek, Cathryn, 3, 14, 6, 43, .186, 0, 0, 1, 1, 2, 0, 1, 0, 0, 14.5, 
TM, TEAM, 2, 0, 0, 0, .000, 0, 0, 0, 2, 0, 0, 0, 0, 0, 0.0, 
Totals, 54, 17, 132, .280, 49, 4, 5, 3, 59, 0, 10, 0, 1, 63.0, 
~
