Final, 1, 2, 3, 4, Score, 
South Dakota (8-6, 2-0 SL), 24, 25, 25, 25, 3, 
Oral Roberts (3-11, 0-2 SL), 26, 21, 23, 23, 1, 
~
South Dakota, 
, -- Attack --, , -- Serve --, , -- Block --, , , 
#, Player, SP, K, E, TA, K%, A, SA, SE, RE, DIGS, BS, BA, BE, BHE, PTS, 
1, Abbey Pederson, 1, 0, 0, 0, .000, 0, 0, 0, 0, 0, 0, 0, 0, 0, 0.0, 
2, Claire Gerdes, 1, 0, 0, 3, .000, 0, 0, 0, 0, 0, 0, 0, 0, 0, 0.0, 
3, Taylor Wilson, 4, 18, 1, 33, .515, 0, 1, 0, 0, 6, 0, 5, 1, 0, 21.5, 
4, Madison Jurgens, 4, 3, 2, 11, .091, 46, 1, 2, 0, 9, 0, 4, 0, 0, 6.0, 
5, Jenna Wagemester, 3, 1, 4, 15, -.200, 0, 0, 0, 0, 0, 0, 0, 0, 0, 1.0, 
6, Hayley Dotseth, 4, 18, 7, 69, .159, 1, 2, 1, 3, 16, 0, 1, 0, 0, 20.5, 
8, Lauren Sauer, 4, 0, 0, 0, .000, 0, 1, 1, 0, 8, 0, 0, 0, 0, 1.0, 
9, Kristina Susak, 1, 3, 1, 4, .500, 0, 0, 0, 0, 0, 0, 1, 0, 0, 3.5, 
12, Elizabeth Loschen, 4, 10, 2, 27, .296, 1, 0, 0, 0, 1, 0, 3, 0, 0, 11.5, 
14, Lolo Weideman, 2, 3, 5, 16, -.125, 0, 0, 0, 0, 1, 0, 0, 0, 0, 3.0, 
15, Anne Rasmussen, 4, 0, 0, 0, .000, 6, 4, 2, 1, 30, 0, 0, 0, 0, 4.0, 
16, Mehana Fonseca, 4, 0, 0, 0, .000, 0, 0, 1, 2, 9, 0, 0, 0, 0, 0.0, 
17, Emily Grathoff, 4, 4, 0, 10, .400, 1, 0, 0, 0, 1, 0, 4, 0, 0, 6.0, 
Totals, 60, 22, 188, .202, 55, 9, 7, 6, 81, 0, 18, 1, 0, 78.0, 
~
Oral Roberts, 
, -- Attack --, , -- Serve --, , -- Block --, , , 
#, Player, SP, K, E, TA, K%, A, SA, SE, RE, DIGS, BS, BA, BE, BHE, PTS, 
1, Tori Roe, 4, 0, 0, 0, .000, 5, 2, 1, 2, 23, 0, 0, 0, 0, 2.0, 
3, Mya King, 4, 0, 0, 0, .000, 0, 0, 0, 0, 0, 0, 0, 0, 0, 0.0, 
6, Inka Inkret, 4, 11, 9, 38, .053, 0, 0, 0, 2, 7, 0, 1, 0, 0, 11.5, 
10, Bria Bergman, 4, 1, 1, 8, .000, 48, 0, 0, 0, 13, 0, 1, 0, 0, 1.5, 
12, Bri Greenlee, 4, 4, 1, 13, .231, 0, 0, 0, 0, 0, 0, 4, 1, 0, 6.0, 
13, Sarah Thiessen, 4, 0, 0, 0, .000, 0, 1, 0, 2, 13, 0, 0, 0, 0, 1.0, 
14, Katarina Mikulic, 4, 8, 7, 40, .025, 0, 1, 1, 2, 19, 0, 1, 1, 0, 9.5, 
15, Morgan Blomquist, 4, 10, 2, 27, .296, 0, 0, 0, 0, 0, 0, 0, 0, 0, 10.0, 
16, Lara Picht, 1, 0, 0, 1, .000, 0, 0, 0, 0, 0, 0, 0, 0, 0, 0.0, 
17, CeCe Madison, 4, 23, 4, 46, .413, 2, 2, 1, 1, 17, 0, 3, 1, 0, 26.5, 
Totals, 57, 24, 173, .191, 55, 6, 3, 9, 92, 0, 10, 3, 0, 68.0, 
~
