Final, 1, 2, 3, Score, 
Fairleigh Dickinson (0-2), 12, 14, 15, 0, 
Western Illinois (1-0), 25, 25, 25, 3, 
~
Fairleigh Dickinson, 
, -- Attack --, , -- Serve --, , -- Block --, , , 
#, Player, SP, K, E, TA, K%, A, SA, SE, RE, DIGS, BS, BA, BE, BHE, PTS, 
1, RYBAKOVA, Nataliya, 3, 4, 2, 17, .118, 0, 0, 0, 2, 2, 0, 0, 0, 0, 4.0, 
3, YOUNG, Jaelyn, 3, 0, 0, 0, .000, 2, 0, 0, 3, 7, 0, 0, 0, 0, 0.0, 
4, BEIMERS, Corina, 2, 0, 0, 0, .000, 7, 0, 0, 0, 4, 0, 0, 0, 1, 0.0, 
5, STEVENS, Brooke, 3, 1, 1, 4, .000, 0, 0, 0, 0, 1, 0, 0, 0, 0, 1.0, 
6, QUAINTANCE, Kati, 3, 1, 3, 12, -.167, 0, 0, 0, 0, 1, 0, 0, 0, 0, 1.0, 
8, KOESTER, Allison, 2, 0, 1, 1, -1.000, 7, 0, 0, 0, 2, 0, 0, 0, 0, 0.0, 
13, SETTERLUND, McKenna, 2, 0, 0, 0, .000, 2, 0, 1, 0, 2, 0, 0, 0, 0, 0.0, 
14, SULLIVAN, Erika, 3, 8, 7, 25, .040, 0, 0, 0, 0, 12, 1, 0, 0, 0, 9.0, 
15, LILLER, Emma, 1, 0, 0, 0, .000, 0, 1, 1, 1, 0, 0, 0, 0, 0, 1.0, 
16, MAKSIMOVIC,Magdalena, 1, 1, 2, 4, -.250, 0, 0, 0, 0, 1, 0, 0, 0, 0, 1.0, 
21, THROCKMORTON,Jessica, 3, 1, 3, 16, -.125, 0, 0, 0, 1, 5, 0, 0, 0, 0, 1.0, 
32, SINGER, Erin, 3, 3, 5, 20, -.100, 0, 0, 0, 0, 1, 0, 0, 0, 0, 3.0, 
TM, TEAM, 1, 0, 0, 0, .000, 0, 0, 0, 2, 0, 0, 0, 0, 0, 0.0, 
Totals, 19, 24, 99, -.051, 18, 1, 2, 9, 38, 1, 0, 0, 1, 21.0, 
~
Western Illinois, 
, -- Attack --, , -- Serve --, , -- Block --, , , 
#, Player, SP, K, E, TA, K%, A, SA, SE, RE, DIGS, BS, BA, BE, BHE, PTS, 
1, Shaela Gray, 1, 0, 2, 2, -1.000, 0, 0, 0, 0, 0, 0, 0, 0, 0, 0.0, 
3, Shiah Sanders, 3, 10, 2, 20, .400, 0, 1, 1, 0, 4, 0, 2, 0, 0, 12.0, 
5, Jaime Johnson, 3, 1, 0, 3, .333, 28, 1, 1, 0, 11, 0, 1, 0, 0, 2.5, 
6, Mariah Mitchell, 2, 2, 2, 6, .000, 0, 0, 0, 0, 1, 0, 1, 0, 0, 2.5, 
7, Melanie Patenaude, 3, 11, 4, 34, .206, 0, 5, 1, 0, 7, 0, 1, 0, 0, 16.5, 
8, Claire Grove, 3, 0, 0, 1, .000, 5, 0, 1, 0, 16, 0, 0, 0, 0, 0.0, 
11, Abby Knoop, 1, 0, 0, 1, .000, 0, 0, 0, 0, 0, 0, 0, 0, 0, 0.0, 
12, Erika Moore, 3, 0, 0, 0, .000, 0, 0, 0, 0, 7, 0, 0, 0, 0, 0.0, 
14, Cassie Hunt, 2, 0, 0, 0, .000, 5, 1, 0, 0, 1, 0, 0, 0, 1, 1.0, 
15, Mackenzie Steckler, 3, 3, 1, 6, .333, 0, 1, 3, 0, 0, 0, 4, 0, 0, 6.0, 
17, Riley Schumacher, 3, 6, 0, 10, .600, 0, 0, 0, 0, 1, 2, 3, 0, 0, 9.5, 
20, Kennedy Drewis, 1, 2, 1, 3, .333, 0, 0, 0, 1, 1, 0, 2, 0, 0, 3.0, 
24, Emma Norris, 2, 4, 1, 8, .375, 0, 0, 0, 0, 4, 0, 1, 0, 0, 4.5, 
Totals, 39, 13, 94, .277, 38, 9, 7, 1, 53, 2, 15, 0, 1, 57.5, 
~
