Final, 1, 2, 3, Score, 
Niagara (0-2), 19, 22, 19, 0, 
North Dakota State (1-1), 25, 25, 25, 3, 
~
Niagara, 
, -- Attack --, , -- Serve --, , -- Block --, , , 
#, Player, SP, K, E, TA, K%, A, SA, SE, RE, DIGS, BS, BA, BE, BHE, PTS, 
1, Jessica Streuer, 3, 1, 1, 2, .000, 16, 0, 0, 0, 8, 0, 0, 0, 0, 1.0, 
2, Cameron Maris, 2, 2, 0, 6, .333, 0, 0, 0, 0, 0, 0, 0, 0, 0, 2.0, 
4, Jaycie Roberts, 3, 8, 5, 29, .103, 2, 1, 0, 2, 9, 1, 2, 0, 0, 11.0, 
5, Mary Redl, 3, 3, 2, 15, .067, 0, 0, 1, 0, 3, 1, 2, 0, 0, 5.0, 
8, Emillie Wright, 1, 0, 0, 0, .000, 0, 1, 0, 1, 9, 0, 0, 0, 0, 1.0, 
9, Mirna Kovacevic, 3, 0, 0, 2, .000, 14, 0, 2, 0, 5, 0, 0, 0, 0, 0.0, 
10, Alex Paris, 3, 7, 5, 33, .061, 0, 1, 1, 3, 6, 0, 0, 0, 1, 8.0, 
11, Caroline Leitch, 3, 6, 1, 22, .227, 1, 0, 0, 0, 2, 0, 0, 0, 0, 6.0, 
12, Reva Blitz, 2, 0, 0, 1, .000, 1, 0, 0, 0, 12, 0, 0, 0, 0, 0.0, 
13, Grace Hetterscheidt, 2, 8, 3, 16, .312, 0, 1, 1, 0, 1, 0, 0, 1, 0, 9.0, 
15, Jada Carrol, 1, 1, 0, 2, .500, 0, 0, 0, 0, 0, 0, 0, 0, 0, 1.0, 
Totals, 36, 17, 128, .148, 34, 4, 5, 6, 55, 2, 4, 1, 1, 44.0, 
~
North Dakota State, 
, -- Attack --, , -- Serve --, , -- Block --, , , 
#, Player, SP, K, E, TA, K%, A, SA, SE, RE, DIGS, BS, BA, BE, BHE, PTS, 
1, Kirstin Tidd, 1, 0, 1, 1, -1.000, 0, 0, 0, 0, 0, 1, 1, 0, 0, 1.5, 
2, Allie Mauch, 3, 9, 4, 25, .200, 0, 0, 0, 0, 2, 0, 0, 0, 0, 9.0, 
5, McKenzie Burke, 3, 6, 5, 25, .040, 0, 1, 1, 2, 7, 0, 0, 0, 0, 7.0, 
6, Alex Erickson, 1, 3, 0, 10, .300, 0, 0, 0, 0, 2, 0, 0, 0, 0, 3.0, 
7, Abbi Klos, 3, 0, 0, 0, .000, 1, 0, 1, 1, 10, 0, 0, 0, 0, 0.0, 
8, Bella Lien, 3, 3, 0, 7, .429, 0, 0, 0, 0, 0, 0, 2, 0, 0, 4.0, 
9, Emily Halverson, 3, 13, 1, 22, .545, 2, 0, 0, 1, 2, 1, 2, 0, 0, 15.0, 
11, Paige Schaffer, 3, 0, 0, 0, .000, 0, 2, 1, 0, 5, 0, 0, 0, 0, 2.0, 
12, Kaylee Hanger, 3, 1, 0, 1, 1.000, 1, 2, 0, 0, 10, 0, 0, 0, 0, 3.0, 
13, Alexis Bachmeier, 3, 7, 2, 22, .227, 2, 1, 0, 0, 20, 0, 2, 2, 0, 9.0, 
16, Kalli Hegerle, 3, 2, 2, 9, .000, 35, 0, 0, 0, 11, 1, 3, 1, 0, 4.5, 
Totals, 44, 15, 122, .238, 41, 6, 3, 4, 69, 3, 10, 3, 0, 58.0, 
~
