Final, 1, 2, 3, 4, Score, 
North Dakota State (9-19 (6-10)), 23, 25, 26, 25, 3, 
Omaha (17-12 (12-4)), 25, 23, 24, 21, 1, 
~
North Dakota State, 
, -- Attack --, , -- Serve --, , -- Block --, , , 
#, Player, SP, K, E, TA, K%, A, SA, SE, RE, DIGS, BS, BA, BE, BHE, PTS, 
2, Allie Mauch, 4, 12, 6, 29, .207, 0, 0, 0, 0, 3, 0, 1, 2, 0, 12.5, 
5, McKenzie Burke, 4, 13, 7, 37, .162, 1, 2, 1, 0, 9, 0, 0, 0, 0, 15.0, 
7, Abbi Klos, 4, 0, 0, 0, .000, 0, 0, 1, 1, 15, 0, 0, 0, 0, 0.0, 
8, Bella Lien, 4, 5, 1, 9, .444, 1, 0, 0, 0, 1, 0, 3, 0, 0, 6.5, 
9, Emily Halverson, 4, 11, 2, 22, .409, 0, 0, 0, 0, 1, 2, 1, 0, 0, 13.5, 
10, Maggie Steffen, 1, 0, 0, 0, .000, 0, 0, 0, 0, 1, 0, 0, 0, 0, 0.0, 
11, Paige Schaffer, 4, 0, 0, 0, .000, 0, 2, 1, 0, 0, 0, 0, 0, 0, 2.0, 
12, Kaylee Hanger, 4, 0, 1, 2, -.500, 2, 3, 0, 2, 7, 0, 0, 0, 0, 3.0, 
13, Alexis Bachmeier, 4, 7, 8, 32, -.031, 0, 0, 1, 0, 14, 0, 2, 0, 0, 8.0, 
16, Kalli Hegerle, 4, 2, 3, 9, -.111, 41, 0, 2, 0, 3, 1, 1, 0, 0, 3.5, 
Totals, 50, 28, 140, .157, 45, 7, 6, 3, 54, 3, 8, 2, 0, 64.0, 
~
Omaha, 
, -- Attack --, , -- Serve --, , -- Block --, , , 
#, Player, SP, K, E, TA, K%, A, SA, SE, RE, DIGS, BS, BA, BE, BHE, PTS, 
1, Courtney Morehead, 4, 0, 0, 0, .000, 0, 0, 2, 0, 9, 0, 0, 0, 0, 0.0, 
2, Giselle Eiche, 1, 0, 0, 0, .000, 0, 0, 1, 0, 0, 0, 0, 0, 0, 0.0, 
3, Abby Bergsten, 4, 10, 3, 22, .318, 0, 0, 0, 1, 1, 0, 1, 0, 0, 10.5, 
4, Jaclyn Taylor, 1, 0, 0, 0, .000, 0, 0, 0, 0, 0, 0, 0, 0, 0, 0.0, 
5, Kenzie Michalek, 4, 0, 0, 1, .000, 0, 2, 2, 1, 4, 0, 0, 0, 0, 2.0, 
6, Isabella Sade, 2, 5, 3, 12, .167, 0, 0, 0, 0, 1, 0, 2, 0, 0, 6.0, 
7, Alexa Blase, 1, 0, 0, 0, .000, 0, 0, 0, 0, 0, 0, 0, 0, 0, 0.0, 
8, Claire Mountjoy, 4, 0, 0, 0, .000, 1, 0, 1, 3, 13, 0, 0, 0, 0, 0.0, 
10, Sadie Limback, 4, 15, 8, 41, .171, 1, 1, 3, 2, 8, 0, 5, 1, 0, 18.5, 
11, Anna Blaschko, 4, 7, 4, 21, .143, 0, 0, 1, 0, 4, 1, 5, 0, 0, 10.5, 
13, Rylee Marshall, 2, 2, 0, 7, .286, 1, 0, 0, 0, 0, 0, 2, 0, 0, 3.0, 
14, Claire Leonard, 4, 13, 7, 32, .188, 0, 0, 0, 0, 5, 0, 0, 0, 0, 13.0, 
16, Maggie Meyer, 2, 0, 0, 0, .000, 0, 0, 0, 0, 0, 0, 0, 0, 0, 0.0, 
24, Sydney Case, 4, 2, 1, 5, .200, 48, 0, 3, 0, 6, 0, 3, 0, 2, 3.5, 
TM, TEAM, 1, 0, 0, 0, .000, 0, 0, 0, 0, 0, 0, 0, 0, 0, 0.0, 
Totals, 54, 26, 141, .199, 51, 3, 13, 7, 51, 1, 18, 1, 2, 67.0, 
~
