Final, 1, 2, 3, 4, 5, Score, 
South Dakota (7-6, 1-0 SL), 25, 23, 21, 25, 15, 3, 
North Dakota State (2-10, 0-1 SL), 12, 25, 25, 17, 9, 2, 
~
South Dakota, 
, -- Attack --, , -- Serve --, , -- Block --, , , 
#, Player, SP, K, E, TA, K%, A, SA, SE, RE, DIGS, BS, BA, BE, BHE, PTS, 
1, Abbey Pederson, 1, 0, 0, 0, .000, 0, 0, 0, 0, 0, 0, 0, 0, 0, 0.0, 
3, Taylor Wilson, 5, 19, 5, 37, .378, 0, 0, 1, 0, 3, 2, 1, 3, 0, 21.5, 
4, Madison Jurgens, 5, 3, 1, 10, .200, 53, 5, 1, 0, 13, 0, 1, 2, 1, 8.5, 
5, Jenna Wagemester, 3, 5, 4, 15, .067, 0, 0, 0, 0, 2, 0, 0, 0, 0, 5.0, 
6, Hayley Dotseth, 5, 23, 10, 75, .173, 1, 1, 0, 1, 13, 0, 1, 0, 0, 24.5, 
8, Lauren Sauer, 5, 0, 0, 1, .000, 0, 1, 2, 1, 16, 0, 0, 0, 0, 1.0, 
9, Kristina Susak, 1, 0, 0, 4, .000, 0, 0, 0, 1, 1, 0, 0, 0, 0, 0.0, 
12, Elizabeth Loschen, 5, 7, 2, 27, .185, 0, 0, 0, 0, 2, 0, 2, 0, 0, 8.0, 
14, Lolo Weideman, 4, 4, 1, 10, .300, 0, 0, 0, 0, 1, 0, 0, 0, 0, 4.0, 
15, Anne Rasmussen, 5, 0, 1, 1, -1.000, 4, 1, 2, 1, 34, 0, 0, 0, 0, 1.0, 
16, Mehana Fonseca, 5, 0, 0, 0, .000, 1, 0, 2, 1, 10, 0, 0, 0, 1, 0.0, 
17, Emily Grathoff, 5, 5, 1, 18, .222, 0, 0, 0, 0, 1, 1, 3, 0, 0, 7.5, 
Totals, 66, 25, 198, .207, 59, 8, 8, 5, 96, 3, 8, 5, 2, 81.0, 
~
North Dakota State, 
, -- Attack --, , -- Serve --, , -- Block --, , , 
#, Player, SP, K, E, TA, K%, A, SA, SE, RE, DIGS, BS, BA, BE, BHE, PTS, 
1, Kirstin Tidd, 3, 1, 0, 4, .250, 0, 0, 0, 1, 0, 0, 2, 0, 0, 2.0, 
2, Allie Mauch, 5, 10, 5, 45, .111, 0, 0, 0, 0, 2, 0, 3, 0, 0, 11.5, 
5, McKenzie Burke, 5, 11, 14, 56, -.054, 2, 1, 1, 2, 15, 0, 0, 0, 0, 12.0, 
6, Alex Erickson, 1, 0, 0, 0, .000, 0, 0, 0, 1, 0, 0, 0, 0, 0, 0.0, 
7, Abbi Klos, 5, 0, 0, 0, .000, 1, 0, 0, 2, 23, 0, 0, 0, 0, 0.0, 
8, Bella Lien, 4, 3, 1, 12, .167, 0, 0, 0, 0, 3, 0, 2, 1, 0, 4.0, 
9, Emily Halverson, 5, 8, 0, 17, .471, 0, 1, 1, 0, 1, 0, 4, 0, 0, 11.0, 
10, Maggie Steffen, 1, 2, 0, 3, .667, 0, 0, 0, 0, 0, 0, 0, 0, 0, 2.0, 
12, Kaylee Hanger, 5, 0, 0, 1, .000, 3, 0, 1, 2, 16, 0, 0, 0, 0, 0.0, 
13, Alexis Bachmeier, 5, 7, 5, 31, .065, 0, 1, 2, 0, 15, 1, 4, 3, 0, 11.0, 
16, Kalli Hegerle, 5, 4, 2, 9, .222, 36, 2, 1, 0, 19, 3, 1, 1, 1, 9.5, 
Totals, 46, 27, 178, .107, 42, 5, 6, 8, 94, 4, 16, 5, 1, 63.0, 
~
