Final, 1, 2, 3, 4, Score, 
Ill.-Chicago (3-2), 21, 26, 26, 21, 1, 
Omaha (2-3), 25, 24, 28, 25, 3, 
~
Ill.-Chicago, 
, -- Attack --, , -- Serve --, , -- Block --, , , 
#, Player, SP, K, E, TA, K%, A, SA, SE, RE, DIGS, BS, BA, BE, BHE, PTS, 
1, JAMES, Kiera, 3, 8, 2, 20, .300, 0, 0, 0, 0, 1, 0, 1, 0, 0, 8.5, 
4, BORCIC, Marija, 4, 1, 0, 2, .500, 30, 2, 1, 0, 8, 0, 0, 0, 1, 3.0, 
5, SALVATO, Carla, 1, 0, 0, 0, .000, 0, 0, 0, 1, 5, 0, 0, 0, 0, 0.0, 
6, DUNCAN, Hailey, 2, 0, 0, 2, .000, 0, 0, 0, 0, 0, 0, 0, 0, 0, 0.0, 
8, SANTIAGO, Paola, 4, 11, 7, 36, .111, 0, 2, 3, 1, 12, 0, 0, 0, 0, 13.0, 
9, HICKS, Alexandria, 4, 10, 6, 34, .118, 0, 0, 0, 0, 2, 0, 1, 0, 0, 10.5, 
10, WITT, Ali, 4, 4, 0, 16, .250, 1, 0, 0, 0, 5, 1, 2, 0, 0, 6.0, 
12, GLOVER, Michelle, 1, 0, 0, 0, .000, 0, 0, 0, 0, 1, 0, 0, 0, 0, 0.0, 
15, LAMB, Clara, 4, 5, 1, 16, .250, 0, 0, 0, 0, 1, 0, 3, 0, 0, 6.5, 
16, NDEKWE, Tatyana, 4, 5, 3, 14, .143, 0, 0, 0, 0, 1, 0, 3, 0, 0, 6.5, 
17, CONTE, Manuela, 4, 6, 2, 21, .190, 3, 1, 0, 1, 15, 0, 0, 0, 1, 7.0, 
18, MUSANTE, Lauren, 4, 1, 0, 1, 1.000, 13, 0, 0, 0, 6, 0, 0, 0, 0, 1.0, 
20, MINKOVA, Velina, 3, 0, 0, 0, .000, 0, 2, 1, 3, 14, 0, 0, 0, 0, 2.0, 
23, KELLY, Emily, 2, 2, 3, 12, -.083, 0, 0, 0, 0, 4, 0, 0, 0, 0, 2.0, 
Totals, 53, 24, 174, .167, 47, 7, 5, 6, 75, 1, 10, 0, 2, 66.0, 
~
Omaha, 
, -- Attack --, , -- Serve --, , -- Block --, , , 
#, Player, SP, K, E, TA, K%, A, SA, SE, RE, DIGS, BS, BA, BE, BHE, PTS, 
1, Courtney Morehead, 4, 0, 0, 0, .000, 1, 1, 1, 0, 14, 0, 0, 0, 0, 1.0, 
3, Abby Bergsten, 4, 14, 3, 37, .297, 0, 0, 0, 1, 3, 0, 1, 0, 0, 14.5, 
4, Jaclyn Taylor, 1, 0, 0, 0, .000, 0, 0, 0, 0, 0, 0, 0, 0, 0, 0.0, 
5, Kenzie Michalek, 3, 0, 0, 0, .000, 0, 1, 1, 4, 8, 0, 0, 0, 0, 1.0, 
6, Isabella Sade, 4, 13, 1, 27, .444, 0, 1, 3, 0, 1, 0, 4, 0, 1, 16.0, 
8, Claire Mountjoy, 4, 0, 0, 0, .000, 2, 0, 2, 1, 23, 0, 0, 0, 0, 0.0, 
9, Abigayle Meyer, 1, 0, 0, 0, .000, 0, 0, 0, 0, 0, 0, 0, 0, 0, 0.0, 
10, Sadie Limback, 4, 15, 2, 36, .361, 1, 0, 0, 0, 8, 1, 3, 1, 0, 17.5, 
11, Anna Blaschko, 4, 11, 3, 20, .400, 0, 0, 0, 0, 0, 2, 1, 0, 0, 13.5, 
14, Claire Leonard, 2, 3, 3, 11, .000, 0, 0, 0, 0, 0, 0, 0, 0, 0, 3.0, 
16, Maggie Meyer, 4, 0, 1, 4, -.250, 0, 0, 4, 0, 8, 0, 0, 0, 1, 0.0, 
17, Mackenzie Horkey, 3, 6, 5, 32, .031, 0, 0, 0, 1, 4, 0, 0, 0, 0, 6.0, 
24, Sydney Case, 4, 1, 1, 5, .000, 57, 3, 0, 0, 10, 1, 1, 0, 1, 5.5, 
Totals, 63, 19, 172, .256, 61, 6, 11, 7, 79, 4, 10, 1, 3, 78.0, 
~
