Final, 1, 2, 3, Score, 
Cornell (5-5), 25, 25, 25, 3, 
Western Illinois (1-12), 20, 19, 22, 0, 
~
Cornell, 
, -- Attack --, , -- Serve --, , -- Block --, , , 
#, Player, SP, K, E, TA, K%, A, SA, SE, RE, DIGS, BS, BA, BE, BHE, PTS, 
2, Chamness, Zoe, 3, 0, 0, 1, .000, 16, 0, 0, 0, 5, 0, 0, 0, 0, 0.0, 
4, Stubbs, Lauren, 1, 1, 3, 9, -.222, 0, 0, 0, 0, 4, 0, 0, 0, 0, 1.0, 
5, Bennett, Jillienne, 2, 2, 1, 9, .111, 0, 0, 0, 0, 0, 0, 1, 1, 0, 2.5, 
6, Barber, Lily, 3, 0, 0, 1, .000, 8, 1, 0, 1, 20, 0, 0, 0, 0, 1.0, 
8, Randolph, Katie, 3, 0, 1, 2, -.500, 19, 0, 1, 0, 11, 0, 0, 0, 2, 0.0, 
10, Rogers, Kara, 3, 8, 1, 19, .368, 0, 0, 0, 0, 0, 0, 0, 0, 0, 8.0, 
11, Baptiste, Madison, 3, 10, 5, 23, .217, 0, 0, 0, 2, 11, 0, 0, 1, 0, 10.0, 
12, Sganderlla, Carla, 3, 12, 3, 23, .391, 0, 0, 2, 0, 8, 0, 1, 1, 1, 12.5, 
19, Stackhouse, Jada, 3, 7, 1, 12, .500, 0, 0, 0, 0, 2, 0, 2, 0, 0, 8.0, 
20, Phelps, Jenna, 3, 6, 0, 15, .400, 0, 2, 1, 0, 1, 0, 0, 0, 0, 8.0, 
21, Bauchens, Shae, 1, 0, 0, 0, .000, 0, 0, 0, 0, 0, 0, 0, 0, 0, 0.0, 
22, Hanan, Avery, 1, 4, 1, 7, .429, 0, 0, 0, 0, 0, 0, 0, 0, 0, 4.0, 
Totals, 50, 16, 121, .281, 43, 3, 4, 3, 62, 0, 4, 3, 3, 55.0, 
~
Western Illinois, 
, -- Attack --, , -- Serve --, , -- Block --, , , 
#, Player, SP, K, E, TA, K%, A, SA, SE, RE, DIGS, BS, BA, BE, BHE, PTS, 
2, Aleezah Washington, 3, 1, 3, 8, -.250, 0, 0, 0, 0, 2, 0, 0, 2, 0, 1.0, 
5, Jaime Johnson, 3, 0, 0, 4, .000, 17, 0, 1, 0, 7, 0, 0, 0, 0, 0.0, 
6, Mariah Mitchell, 3, 8, 0, 20, .400, 0, 0, 0, 0, 0, 2, 0, 0, 0, 10.0, 
7, Melanie Patenaude, 3, 8, 3, 25, .200, 0, 1, 3, 1, 8, 0, 0, 0, 0, 9.0, 
8, Claire Grove, 3, 0, 0, 2, .000, 2, 0, 2, 0, 11, 0, 0, 0, 0, 0.0, 
12, Erika Moore, 3, 0, 0, 0, .000, 1, 0, 0, 0, 2, 0, 0, 0, 0, 0.0, 
14, Cassie Hunt, 3, 0, 2, 4, -.500, 11, 1, 3, 0, 6, 0, 0, 1, 0, 1.0, 
15, Mackenzie Steckler, 3, 6, 1, 16, .312, 0, 0, 0, 0, 5, 0, 0, 0, 0, 6.0, 
17, Riley Schumacher, 2, 1, 0, 6, .167, 0, 0, 1, 0, 0, 0, 0, 0, 0, 1.0, 
21, Madeline Dieter, 2, 2, 0, 5, .400, 0, 1, 0, 0, 0, 0, 0, 0, 0, 3.0, 
24, Emma Norris, 3, 8, 3, 26, .192, 1, 0, 1, 0, 2, 0, 0, 0, 0, 8.0, 
TM, TEAM, 2, 0, 0, 0, .000, 0, 0, 0, 2, 0, 0, 0, 0, 0, 0.0, 
Totals, 34, 12, 116, .190, 32, 3, 11, 3, 43, 2, 0, 3, 0, 39.0, 
~
