Final, 1, 2, 3, Score, 
Morgan St. (1-4), 14, 17, 19, 0, 
Purdue Fort Wayne (2-3), 25, 25, 25, 3, 
~
Morgan St., 
, -- Attack --, , -- Serve --, , -- Block --, , , 
#, Player, SP, K, E, TA, K%, A, SA, SE, RE, DIGS, BS, BA, BE, BHE, PTS, 
1, Sara Brown, 2, 1, 1, 4, .000, 0, 0, 0, 1, 1, 0, 0, 0, 0, 1.0, 
2, Shadae Debraux, 1, 0, 0, 0, .000, 0, 0, 1, 0, 0, 0, 0, 0, 0, 0.0, 
4, Nia Smith, 1, 0, 0, 0, .000, 0, 0, 1, 0, 0, 0, 0, 0, 0, 0.0, 
5, Monette Daniels, 3, 3, 0, 11, .273, 0, 0, 1, 0, 0, 0, 1, 0, 0, 3.5, 
7, Zoe Mcbride, 3, 5, 7, 23, -.087, 0, 0, 0, 2, 5, 1, 0, 0, 0, 6.0, 
8, Deja Lester, 3, 4, 1, 8, .375, 0, 1, 0, 0, 5, 0, 1, 0, 0, 5.5, 
9, Cristen Coryatt, 3, 10, 8, 33, .061, 1, 1, 2, 1, 4, 0, 0, 1, 0, 11.0, 
11, Jasmin Hubbard, 3, 0, 0, 0, .000, 1, 0, 0, 1, 11, 0, 0, 0, 0, 0.0, 
12, Mykaela Ross, 2, 3, 2, 10, .100, 0, 0, 1, 0, 2, 0, 0, 0, 0, 3.0, 
15, Kalysia Bates, 2, 3, 3, 6, .000, 0, 0, 1, 0, 1, 0, 0, 0, 0, 3.0, 
28, Roi Wallace, 3, 1, 0, 4, .250, 25, 1, 1, 0, 5, 0, 0, 0, 0, 2.0, 
Totals, 30, 22, 99, .081, 27, 3, 8, 5, 34, 1, 2, 1, 0, 35.0, 
~
Purdue Fort Wayne, 
, -- Attack --, , -- Serve --, , -- Block --, , , 
#, Player, SP, K, E, TA, K%, A, SA, SE, RE, DIGS, BS, BA, BE, BHE, PTS, 
1, Madison Jaqua, 3, 0, 0, 2, .000, 31, 1, 1, 0, 6, 0, 1, 0, 0, 1.5, 
2, Julia Wayer, 2, 0, 0, 0, .000, 1, 0, 2, 1, 2, 0, 0, 0, 0, 0.0, 
3, Elizabeth Britner, 3, 0, 0, 0, .000, 1, 0, 1, 0, 9, 0, 0, 0, 1, 0.0, 
4, Victoria Mills, 3, 0, 0, 0, .000, 0, 1, 0, 0, 4, 0, 0, 0, 0, 1.0, 
5, Je'Bria Green, 1, 0, 0, 1, .000, 0, 0, 0, 0, 0, 0, 0, 0, 0, 0.0, 
6, Madison Gates, 1, 1, 0, 1, 1.000, 5, 0, 0, 0, 1, 0, 0, 0, 0, 1.0, 
7, Taylor Duddleston, 1, 0, 0, 0, .000, 0, 0, 1, 0, 3, 0, 0, 0, 0, 0.0, 
8, Elizabeth Fuerst, 3, 8, 1, 15, .467, 0, 0, 0, 0, 1, 1, 1, 0, 0, 9.5, 
9, Katie Crowe, 2, 2, 3, 8, -.125, 0, 0, 0, 2, 5, 0, 0, 0, 0, 2.0, 
10, Sandra Hoevels, 3, 5, 1, 10, .400, 0, 0, 0, 0, 0, 0, 4, 0, 0, 7.0, 
13, Sydney Boerst, 3, 7, 1, 14, .429, 0, 1, 1, 0, 2, 2, 1, 0, 0, 10.5, 
14, Madelyn Wurster, 2, 2, 0, 5, .400, 0, 0, 0, 0, 0, 0, 1, 0, 0, 2.5, 
24, Nicole Rightnowar, 3, 14, 3, 30, .367, 1, 2, 0, 0, 8, 0, 2, 0, 0, 17.0, 
Totals, 39, 9, 86, .349, 39, 5, 6, 3, 41, 3, 10, 0, 1, 52.0, 
~
