Final, 1, 2, 3, Score, 
North Dakota State (1-3), 11, 12, 19, 0, 
Minnesota (3-0), 25, 25, 25, 3, 
~
North Dakota State, 
, -- Attack --, , -- Serve --, , -- Block --, , , 
#, Player, SP, K, E, TA, K%, A, SA, SE, RE, DIGS, BS, BA, BE, BHE, PTS, 
2, Allie Mauch, 3, 5, 7, 21, -.095, 0, 0, 0, 0, 1, 0, 3, 0, 0, 6.5, 
5, McKenzie Burke, 3, 7, 6, 30, .033, 0, 1, 1, 2, 7, 0, 0, 0, 0, 8.0, 
6, Alex Erickson, 1, 1, 0, 3, .333, 0, 0, 0, 0, 2, 0, 0, 0, 0, 1.0, 
7, Abbi Klos, 3, 0, 0, 1, .000, 1, 0, 0, 0, 9, 0, 0, 0, 0, 0.0, 
8, Bella Lien, 3, 2, 0, 5, .400, 0, 0, 0, 0, 1, 0, 2, 1, 0, 3.0, 
9, Emily Halverson, 3, 2, 3, 8, -.125, 0, 0, 0, 0, 0, 0, 2, 0, 0, 3.0, 
10, Maggie Steffen, 1, 0, 0, 0, .000, 0, 0, 0, 0, 0, 0, 0, 1, 0, 0.0, 
11, Paige Schaffer, 3, 0, 0, 0, .000, 0, 1, 0, 0, 1, 0, 0, 0, 0, 1.0, 
12, Kaylee Hanger, 3, 0, 0, 0, .000, 1, 0, 0, 2, 4, 0, 0, 0, 0, 0.0, 
13, Alexis Bachmeier, 3, 5, 4, 19, .053, 0, 0, 2, 0, 8, 0, 1, 0, 0, 5.5, 
16, Kalli Hegerle, 3, 1, 1, 4, .000, 19, 0, 0, 0, 2, 0, 2, 1, 0, 2.0, 
TM, TEAM, 1, 0, 0, 0, .000, 0, 0, 0, 1, 0, 0, 0, 0, 0, 0.0, 
Totals, 23, 21, 91, .022, 21, 2, 3, 5, 35, 0, 10, 3, 0, 30.0, 
~
Minnesota, 
, -- Attack --, , -- Serve --, , -- Block --, , , 
#, Player, SP, K, E, TA, K%, A, SA, SE, RE, DIGS, BS, BA, BE, BHE, PTS, 
1, Martin, Jasmyn, 3, 10, 1, 17, .529, 1, 0, 0, 1, 2, 0, 0, 0, 0, 10.0, 
2, Barnes, Lauren, 3, 0, 0, 0, .000, 1, 0, 2, 1, 3, 0, 0, 0, 0, 0.0, 
7, McGraw, CC, 3, 0, 0, 0, .000, 2, 2, 1, 0, 8, 0, 0, 0, 0, 2.0, 
8, Zeimann, Alice, 1, 0, 0, 0, .000, 0, 0, 0, 0, 0, 0, 0, 0, 0, 0.0, 
10, Samedy, Stephanie, 3, 11, 5, 33, .182, 0, 1, 0, 0, 5, 0, 3, 0, 0, 13.5, 
12, Morgan, Taylor, 3, 7, 2, 14, .357, 0, 0, 0, 0, 2, 0, 3, 0, 0, 8.5, 
13, Seliger-Swenson, S., 3, 2, 1, 5, .200, 33, 0, 2, 0, 9, 0, 0, 0, 0, 2.0, 
15, Litzau, Lauren, 1, 0, 0, 0, .000, 0, 0, 0, 0, 0, 0, 0, 0, 0, 0.0, 
20, Rollins, Adanna, 3, 8, 2, 15, .400, 1, 1, 0, 0, 10, 0, 2, 0, 0, 10.0, 
21, Pittman, Regan, 3, 8, 1, 13, .538, 0, 1, 0, 0, 2, 3, 2, 0, 0, 13.0, 
Totals, 46, 12, 97, .351, 38, 5, 5, 2, 41, 3, 10, 0, 0, 59.0, 
~
