Final, 1, 2, 3, Score, 
Eastern Illinois (4-10), 25, 25, 25, 3, 
Omaha (5-7), 18, 23, 20, 0, 
~
Eastern Illinois, 
, -- Attack --, , -- Serve --, , -- Block --, , , 
#, Player, SP, K, E, TA, K%, A, SA, SE, RE, DIGS, BS, BA, BE, BHE, PTS, 
2, MATUSIK, Morgan, 3, 9, 4, 22, .227, 0, 0, 0, 0, 1, 0, 1, 0, 0, 9.5, 
8, CUNNINGHAM, Madison, 3, 0, 0, 0, .000, 0, 1, 0, 1, 7, 0, 0, 0, 0, 1.0, 
9, CHANDLER, Bailey, 3, 0, 0, 0, .000, 17, 0, 2, 0, 8, 0, 0, 0, 1, 0.0, 
12, HUGHES, Anne, 3, 0, 0, 0, .000, 6, 2, 0, 1, 10, 0, 0, 0, 0, 2.0, 
14, FURLIN, Gina, 3, 0, 0, 0, .000, 15, 1, 1, 0, 4, 0, 0, 0, 0, 1.0, 
15, BAILEY,Laurel, 3, 17, 6, 37, .297, 1, 1, 4, 0, 9, 0, 1, 0, 1, 18.5, 
16, RUNGE, Maggie, 3, 4, 0, 5, .800, 0, 0, 2, 0, 1, 0, 4, 0, 0, 6.0, 
17, SIEG, Hannah, 3, 3, 1, 6, .333, 0, 0, 0, 0, 0, 0, 3, 0, 0, 4.5, 
20, SOMMER, Katie, 3, 7, 0, 12, .583, 0, 0, 0, 0, 2, 0, 1, 0, 0, 7.5, 
21, MAY, Lexi, 3, 1, 2, 9, -.111, 0, 0, 0, 0, 0, 0, 2, 0, 0, 2.0, 
Totals, 41, 13, 91, .308, 39, 5, 9, 2, 42, 0, 12, 0, 2, 52.0, 
~
Omaha, 
, -- Attack --, , -- Serve --, , -- Block --, , , 
#, Player, SP, K, E, TA, K%, A, SA, SE, RE, DIGS, BS, BA, BE, BHE, PTS, 
1, Courtney Morehead, 3, 0, 0, 1, .000, 1, 2, 2, 1, 4, 0, 0, 0, 0, 2.0, 
3, Abby Bergsten, 3, 6, 1, 15, .333, 0, 0, 0, 0, 2, 0, 2, 0, 0, 7.0, 
4, Jaclyn Taylor, 2, 2, 1, 3, .333, 7, 0, 0, 0, 0, 0, 3, 0, 0, 3.5, 
5, Kenzie Michalek, 3, 0, 0, 0, .000, 1, 0, 3, 0, 8, 0, 0, 0, 0, 0.0, 
6, Isabella Sade, 3, 4, 1, 17, .176, 0, 0, 2, 0, 2, 1, 5, 0, 0, 7.5, 
8, Claire Mountjoy, 3, 0, 0, 0, .000, 1, 0, 0, 1, 8, 0, 0, 0, 0, 0.0, 
10, Sadie Limback, 3, 9, 8, 28, .036, 2, 0, 2, 0, 4, 0, 3, 0, 0, 10.5, 
11, Anna Blaschko, 3, 7, 1, 16, .375, 0, 0, 0, 0, 0, 0, 4, 0, 0, 9.0, 
14, Claire Leonard, 3, 4, 4, 18, .000, 0, 0, 0, 2, 1, 0, 1, 0, 0, 4.5, 
24, Sydney Case, 3, 0, 0, 0, .000, 18, 0, 2, 0, 0, 0, 0, 0, 0, 0.0, 
TM, TEAM, 1, 0, 0, 0, .000, 0, 0, 0, 1, 0, 0, 0, 0, 0, 0.0, 
Totals, 32, 16, 98, .163, 30, 2, 11, 5, 29, 1, 18, 0, 0, 44.0, 
~
