Final, 1, 2, 3, Score, 
San Jose St. (4-4), 25, 25, 25, 3, 
South Dakota State (3-9), 20, 19, 22, 0, 
~
San Jose St., 
, -- Attack --, , -- Serve --, , -- Block --, , , 
#, Player, SP, K, E, TA, K%, A, SA, SE, RE, DIGS, BS, BA, BE, BHE, PTS, 
2, GARARD, Mamie, 3, 1, 1, 2, .000, 20, 0, 3, 0, 7, 0, 1, 0, 1, 1.5, 
4, GRAJEDA, Thaliana, 3, 5, 0, 8, .625, 1, 0, 2, 0, 3, 0, 3, 1, 0, 6.5, 
6, ZDROIK, Kaitlynn, 3, 0, 1, 2, -.500, 15, 3, 0, 0, 4, 0, 0, 0, 1, 3.0, 
7, NELSON, Haylee, 3, 7, 2, 11, .455, 0, 0, 0, 0, 0, 0, 5, 0, 0, 9.5, 
8, ANDRADE, Luiza, 3, 0, 0, 0, .000, 3, 0, 1, 2, 12, 0, 0, 0, 0, 0.0, 
11, SMEVOG, Sarah, 1, 0, 0, 0, .000, 0, 0, 0, 0, 1, 0, 0, 0, 0, 0.0, 
13, BARNES, Whitney, 3, 4, 1, 8, .375, 0, 0, 0, 0, 3, 0, 4, 0, 0, 6.0, 
14, VIDO, Fernanda, 3, 16, 4, 37, .324, 1, 0, 1, 2, 10, 0, 2, 0, 0, 17.0, 
15, THOMISON, Ryann, 3, 5, 0, 10, .500, 1, 0, 0, 0, 0, 0, 3, 0, 0, 6.5, 
16, BETTENAY, Caitlin, 3, 10, 5, 27, .185, 0, 0, 2, 1, 8, 0, 0, 0, 0, 10.0, 
Totals, 48, 14, 105, .324, 41, 3, 9, 5, 48, 0, 18, 1, 2, 60.0, 
~
South Dakota State, 
, -- Attack --, , -- Serve --, , -- Block --, , , 
#, Player, SP, K, E, TA, K%, A, SA, SE, RE, DIGS, BS, BA, BE, BHE, PTS, 
1, Sierra Peterson, 3, 3, 2, 12, .083, 0, 0, 0, 0, 2, 0, 2, 0, 0, 4.0, 
2, Kari Brucker, 2, 1, 0, 1, 1.000, 0, 0, 0, 0, 1, 0, 0, 0, 0, 1.0, 
3, Makenzie Hennen, 3, 10, 6, 34, .118, 0, 0, 0, 3, 9, 0, 0, 0, 0, 10.0, 
4, Ashlynn Smith, 3, 8, 6, 30, .067, 1, 1, 1, 0, 3, 0, 3, 0, 0, 10.5, 
5, Kasey Brower, 3, 0, 0, 0, .000, 0, 1, 0, 0, 8, 0, 0, 0, 0, 1.0, 
9, Crystal Burk, 2, 0, 0, 0, .000, 0, 0, 0, 0, 0, 0, 0, 0, 0, 0.0, 
11, Payton Richardson, 3, 2, 4, 12, -.167, 0, 0, 0, 0, 1, 0, 2, 0, 0, 3.0, 
12, Ellie Thein, 3, 0, 0, 0, .000, 3, 1, 0, 0, 10, 0, 0, 0, 0, 1.0, 
15, Sydney Andrews, 3, 7, 2, 13, .385, 0, 2, 2, 0, 2, 0, 3, 0, 0, 10.5, 
18, Maddie Fay, 3, 0, 0, 3, .000, 25, 0, 1, 0, 3, 0, 0, 0, 0, 0.0, 
Totals, 31, 20, 105, .105, 29, 5, 4, 3, 39, 0, 10, 0, 0, 41.0, 
~
