Final, 1, 2, 3, Score, 
Purdue Fort Wayne (8-4), 25, 25, 25, 3, 
Duquesne (4-6), 17, 20, 19, 0, 
~
Purdue Fort Wayne, 
, -- Attack --, , -- Serve --, , -- Block --, , , 
#, Player, SP, K, E, TA, K%, A, SA, SE, RE, DIGS, BS, BA, BE, BHE, PTS, 
1, Madison Jaqua, 3, 1, 1, 5, .000, 36, 0, 1, 0, 5, 0, 0, 0, 0, 1.0, 
3, Elizabeth Britner, 3, 0, 0, 0, .000, 2, 0, 2, 0, 12, 0, 0, 0, 0, 0.0, 
4, Victoria Mills, 3, 0, 0, 0, .000, 4, 0, 2, 0, 3, 0, 0, 0, 1, 0.0, 
8, Elizabeth Fuerst, 3, 13, 1, 20, .600, 1, 0, 0, 1, 0, 1, 2, 0, 0, 15.0, 
9, Katie Crowe, 3, 8, 1, 18, .389, 0, 1, 4, 0, 11, 0, 1, 1, 0, 9.5, 
10, Sandra Hoevels, 3, 4, 1, 9, .333, 0, 0, 0, 1, 0, 0, 1, 0, 0, 4.5, 
13, Sydney Boerst, 3, 4, 4, 9, .000, 0, 0, 0, 0, 0, 1, 2, 0, 0, 6.0, 
14, Madelyn Wurster, 1, 1, 0, 3, .333, 0, 0, 0, 0, 0, 0, 0, 0, 0, 1.0, 
24, Nicole Rightnowar, 3, 18, 5, 40, .325, 3, 1, 2, 0, 12, 0, 0, 1, 0, 19.0, 
Totals, 49, 13, 104, .346, 46, 2, 11, 2, 43, 2, 6, 2, 1, 56.0, 
~
Duquesne, 
, -- Attack --, , -- Serve --, , -- Block --, , , 
#, Player, SP, K, E, TA, K%, A, SA, SE, RE, DIGS, BS, BA, BE, BHE, PTS, 
2, Maria Mosbacher, 2, 1, 2, 10, -.100, 0, 0, 0, 0, 1, 0, 1, 0, 0, 1.5, 
3, Claire Boe, 3, 0, 0, 0, .000, 0, 1, 1, 1, 8, 0, 0, 0, 0, 1.0, 
5, Summer Slade, 2, 3, 4, 15, -.067, 0, 0, 0, 0, 0, 0, 1, 0, 0, 3.5, 
6, Kori Johnson, 3, 5, 2, 11, .273, 0, 0, 0, 0, 0, 0, 1, 0, 0, 5.5, 
7, Erin Cunningham, 3, 0, 0, 0, .000, 0, 0, 0, 0, 4, 0, 0, 0, 0, 0.0, 
10, Camryn Thomas, 3, 6, 1, 16, .312, 0, 0, 1, 0, 3, 0, 2, 2, 0, 7.0, 
11, Sydney Mcginn, 3, 1, 1, 5, .000, 23, 1, 3, 0, 7, 0, 1, 1, 1, 2.5, 
12, Maddie Bazelak, 3, 3, 4, 14, -.071, 1, 0, 0, 0, 6, 0, 0, 0, 0, 3.0, 
14, Camryn Vecera, 3, 0, 0, 1, .000, 4, 0, 0, 1, 8, 0, 0, 0, 0, 0.0, 
16, Liz Wayne, 3, 9, 2, 19, .368, 0, 0, 0, 0, 0, 0, 0, 1, 0, 9.0, 
Totals, 28, 16, 91, .132, 28, 2, 5, 2, 37, 0, 6, 4, 1, 33.0, 
~
