Final, 1, 2, 3, Score, 
North Dakota State (2-7), 10, 21, 16, 0, 
Ball St. (5-3), 25, 25, 25, 3, 
~
North Dakota State, 
, -- Attack --, , -- Serve --, , -- Block --, , , 
#, Player, SP, K, E, TA, K%, A, SA, SE, RE, DIGS, BS, BA, BE, BHE, PTS, 
1, Kirstin Tidd, 3, 1, 2, 5, -.200, 0, 0, 0, 0, 0, 0, 4, 0, 0, 3.0, 
2, Allie Mauch, 3, 11, 3, 33, .242, 0, 0, 0, 0, 7, 0, 1, 0, 0, 11.5, 
4, Ally Murphy, 2, 2, 1, 8, .125, 0, 2, 0, 0, 2, 0, 1, 0, 0, 4.5, 
6, Alex Erickson, 1, 0, 1, 1, -1.000, 0, 0, 0, 0, 0, 0, 0, 0, 0, 0.0, 
7, Abbi Klos, 3, 0, 0, 0, .000, 0, 0, 0, 0, 6, 0, 0, 0, 0, 0.0, 
8, Bella Lien, 2, 0, 0, 0, .000, 0, 0, 0, 0, 0, 0, 0, 0, 0, 0.0, 
9, Emily Halverson, 3, 4, 3, 14, .071, 0, 0, 0, 0, 0, 1, 1, 0, 0, 5.5, 
10, Maggie Steffen, 3, 3, 7, 26, -.154, 1, 0, 1, 2, 11, 0, 1, 0, 0, 3.5, 
11, Paige Schaffer, 1, 0, 0, 0, .000, 0, 0, 0, 0, 0, 0, 0, 0, 0, 0.0, 
12, Kaylee Hanger, 3, 0, 0, 1, .000, 1, 0, 0, 1, 8, 0, 0, 0, 0, 0.0, 
13, Alexis Bachmeier, 3, 1, 6, 19, -.263, 0, 0, 2, 1, 5, 0, 2, 0, 0, 2.0, 
16, Kalli Hegerle, 3, 1, 2, 7, -.143, 19, 0, 0, 0, 4, 0, 0, 0, 0, 1.0, 
Totals, 23, 25, 114, -.018, 21, 2, 3, 4, 43, 1, 10, 0, 0, 31.0, 
~
Ball St., 
, -- Attack --, , -- Serve --, , -- Block --, , , 
#, Player, SP, K, E, TA, K%, A, SA, SE, RE, DIGS, BS, BA, BE, BHE, PTS, 
2, AVILA, Kate, 3, 0, 0, 0, .000, 3, 0, 1, 2, 16, 0, 0, 0, 0, 0.0, 
8, LINDSEY, Jessica, 3, 5, 6, 27, -.037, 0, 0, 0, 0, 1, 0, 0, 0, 0, 5.0, 
9, STARCK, Cathryn, 3, 0, 0, 0, .000, 2, 1, 0, 0, 12, 0, 0, 0, 0, 1.0, 
10, DUNN, Ellie, 3, 18, 4, 38, .368, 0, 0, 0, 0, 13, 0, 4, 0, 0, 20.0, 
11, SEAMAN, Amber, 3, 1, 1, 4, .000, 33, 1, 2, 0, 7, 0, 0, 0, 0, 2.0, 
12, VANBEEK, Sydnee, 3, 9, 0, 15, .600, 0, 1, 1, 0, 3, 0, 1, 0, 0, 10.5, 
16, JENSEN, Anna, 3, 1, 0, 1, 1.000, 0, 1, 1, 0, 8, 0, 0, 0, 0, 2.0, 
17, KRAL, Reece, 3, 1, 4, 11, -.273, 0, 0, 0, 0, 0, 0, 1, 0, 0, 1.5, 
21, STARLING, Meg, 3, 8, 2, 16, .375, 0, 0, 0, 0, 2, 2, 4, 0, 0, 12.0, 
Totals, 43, 17, 112, .232, 38, 4, 5, 2, 62, 2, 10, 0, 0, 54.0, 
~
