Final, 1, 2, 3, Score, 
Wis.-Green Bay (1-3), 23, 21, 20, 0, 
North Dakota (1-2), 25, 25, 25, 3, 
~
Wis.-Green Bay, 
, -- Attack --, , -- Serve --, , -- Block --, , , 
#, Player, SP, K, E, TA, K%, A, SA, SE, RE, DIGS, BS, BA, BE, BHE, PTS, 
1, WOLF, Taylor, 3, 13, 3, 37, .270, 3, 0, 0, 1, 10, 0, 1, 0, 0, 13.5, 
5, EVERINGHAM, Austyn, 3, 0, 0, 0, .000, 4, 0, 1, 0, 7, 0, 0, 0, 0, 0.0, 
7, PAULUS, Kristen, 3, 3, 3, 14, .000, 0, 0, 0, 0, 5, 0, 0, 0, 0, 3.0, 
8, LAUTENSCHLAGER, 3, 0, 0, 0, .000, 0, 0, 1, 0, 0, 0, 0, 0, 0, 0.0, 
9, SLEDGE, Ashley, 3, 6, 1, 9, .556, 0, 0, 0, 0, 0, 0, 0, 0, 0, 6.0, 
12, BUMAN, Vanessa, 3, 0, 0, 0, .000, 1, 1, 0, 2, 14, 0, 0, 0, 0, 1.0, 
13, EATON, Anna, 3, 1, 2, 11, -.091, 0, 0, 1, 0, 1, 0, 2, 0, 0, 2.0, 
16, YOSS, Maddie, 3, 5, 1, 10, .400, 29, 1, 0, 0, 10, 0, 0, 0, 0, 6.0, 
18, ZAKUTNEY, Alex, 3, 10, 5, 39, .128, 0, 0, 1, 2, 4, 0, 1, 0, 0, 10.5, 
21, COUGHLIN, Shannon, 1, 0, 0, 0, .000, 0, 0, 0, 0, 0, 0, 0, 0, 0, 0.0, 
Totals, 38, 15, 120, .192, 37, 2, 4, 5, 51, 0, 4, 0, 0, 42.0, 
~
North Dakota, 
, -- Attack --, , -- Serve --, , -- Block --, , , 
#, Player, SP, K, E, TA, K%, A, SA, SE, RE, DIGS, BS, BA, BE, BHE, PTS, 
0, Kayla Williams, 3, 14, 2, 32, .375, 0, 2, 0, 2, 11, 0, 1, 0, 0, 16.5, 
2, Brynn Nieukirk, 3, 8, 3, 19, .263, 0, 0, 0, 0, 3, 0, 0, 0, 0, 8.0, 
4, Taliyah Flores, 3, 0, 0, 3, .000, 0, 1, 1, 0, 10, 0, 0, 0, 0, 1.0, 
5, Alivia Fraase, 3, 0, 0, 0, .000, 2, 0, 0, 0, 16, 0, 0, 0, 0, 0.0, 
8, Lydia Rutten, 3, 7, 1, 14, .429, 1, 1, 1, 0, 3, 0, 2, 0, 0, 9.0, 
9, Roosa Rautio, 3, 0, 0, 2, .000, 45, 0, 0, 0, 10, 0, 1, 0, 4, 0.5, 
12, Jordan Vail, 3, 8, 3, 17, .294, 0, 0, 0, 0, 0, 0, 2, 0, 0, 9.0, 
16, Maggie Smith, 2, 0, 0, 0, .000, 0, 1, 0, 0, 1, 0, 0, 0, 0, 1.0, 
17, Tamika Brekke, 3, 0, 0, 1, .000, 1, 0, 3, 0, 5, 0, 0, 0, 0, 0.0, 
18, Ashley Brueggeman, 3, 13, 4, 29, .310, 0, 0, 0, 0, 2, 0, 2, 0, 0, 14.0, 
Totals, 50, 13, 117, .316, 49, 5, 5, 2, 61, 0, 8, 0, 4, 59.0, 
~
