Final, 1, 2, 3, 4, 5, Score, 
North Dakota (9-8, 1-0), 25, 19, 25, 18, 15, 3, 
Western Illinois (1-13, 0-1), 22, 25, 20, 25, 8, 2, 
~
North Dakota, 
, -- Attack --, , -- Serve --, , -- Block --, , , 
#, Player, SP, K, E, TA, K%, A, SA, SE, RE, DIGS, BS, BA, BE, BHE, PTS, 
0, Kayla Williams, 5, 17, 6, 52, .212, 1, 0, 3, 1, 11, 0, 1, 0, 0, 17.5, 
2, Brynn Nieukirk, 5, 8, 6, 41, .049, 0, 0, 0, 0, 3, 1, 4, 0, 0, 11.0, 
4, Taliyah Flores, 5, 0, 0, 0, .000, 1, 1, 0, 1, 36, 0, 0, 0, 0, 1.0, 
5, Alivia Fraase, 5, 0, 1, 2, -.500, 2, 2, 1, 1, 11, 0, 0, 0, 0, 2.0, 
8, Lydia Rutten, 5, 3, 3, 17, .000, 1, 2, 1, 0, 2, 0, 5, 0, 0, 7.5, 
9, Roosa Rautio, 5, 1, 0, 3, .333, 49, 1, 2, 0, 7, 0, 3, 0, 4, 3.5, 
12, Jordan Vail, 5, 12, 2, 29, .345, 0, 0, 0, 0, 3, 1, 5, 0, 0, 15.5, 
15, Taylor Riedl, 1, 1, 0, 1, 1.000, 0, 0, 0, 0, 0, 0, 0, 0, 0, 1.0, 
16, Maggie Smith, 2, 1, 0, 1, 1.000, 0, 0, 0, 0, 0, 0, 0, 0, 0, 1.0, 
17, Tamika Brekke, 5, 0, 0, 0, .000, 1, 2, 3, 0, 11, 0, 0, 0, 0, 2.0, 
18, Ashley Brueggeman, 5, 14, 4, 39, .256, 0, 0, 0, 0, 1, 2, 2, 0, 0, 17.0, 
Totals, 57, 22, 185, .189, 55, 8, 10, 3, 85, 4, 20, 0, 4, 79.0, 
~
Western Illinois, 
, -- Attack --, , -- Serve --, , -- Block --, , , 
#, Player, SP, K, E, TA, K%, A, SA, SE, RE, DIGS, BS, BA, BE, BHE, PTS, 
2, Aleezah Washington, 1, 0, 0, 0, .000, 1, 0, 0, 0, 0, 0, 0, 0, 0, 0.0, 
3, Shiah Sanders, 2, 2, 3, 9, -.111, 0, 0, 0, 0, 1, 0, 1, 0, 0, 2.5, 
5, Jaime Johnson, 5, 5, 1, 9, .444, 49, 1, 0, 0, 13, 0, 4, 0, 1, 8.0, 
6, Mariah Mitchell, 5, 14, 6, 31, .258, 0, 0, 0, 0, 1, 1, 3, 0, 0, 16.5, 
7, Melanie Patenaude, 5, 12, 9, 50, .060, 0, 0, 0, 0, 16, 0, 2, 0, 0, 13.0, 
8, Claire Grove, 5, 0, 0, 0, .000, 1, 0, 4, 2, 23, 0, 0, 0, 0, 0.0, 
11, Abby Knoop, 1, 0, 0, 1, .000, 0, 0, 0, 0, 0, 0, 1, 0, 0, 0.5, 
12, Erika Moore, 5, 0, 0, 0, .000, 2, 1, 0, 1, 7, 0, 1, 0, 0, 1.5, 
15, Mackenzie Steckler, 5, 8, 1, 18, .389, 0, 1, 0, 0, 2, 0, 5, 0, 0, 11.5, 
17, Riley Schumacher, 2, 0, 0, 5, .000, 0, 0, 0, 0, 0, 0, 1, 0, 0, 0.5, 
21, Madeline Dieter, 4, 11, 1, 20, .500, 0, 0, 0, 0, 0, 0, 2, 0, 0, 12.0, 
24, Emma Norris, 5, 8, 11, 48, -.062, 2, 0, 0, 4, 25, 0, 0, 0, 0, 8.0, 
TM, TEAM, 1, 0, 0, 0, .000, 0, 0, 0, 1, 0, 0, 0, 0, 0, 0.0, 
Totals, 60, 32, 191, .147, 55, 3, 4, 8, 88, 1, 20, 0, 1, 74.0, 
~
