Final, 1, 2, 3, Score, 
North Dakota (5-5), 23, 18, 13, 0, 
Clemson (7-3), 25, 25, 25, 3, 
~
North Dakota, 
, -- Attack --, , -- Serve --, , -- Block --, , , 
#, Player, SP, K, E, TA, K%, A, SA, SE, RE, DIGS, BS, BA, BE, BHE, PTS, 
0, Kayla Williams, 3, 8, 4, 31, .129, 0, 0, 1, 0, 8, 0, 0, 0, 0, 8.0, 
2, Brynn Nieukirk, 3, 11, 1, 25, .400, 0, 0, 0, 0, 0, 1, 0, 0, 0, 12.0, 
4, Taliyah Flores, 3, 0, 0, 1, .000, 2, 0, 0, 1, 11, 0, 0, 0, 0, 0.0, 
5, Alivia Fraase, 3, 0, 0, 0, .000, 0, 0, 1, 1, 7, 0, 0, 0, 0, 0.0, 
8, Lydia Rutten, 3, 2, 0, 7, .286, 0, 1, 1, 0, 2, 1, 0, 1, 0, 4.0, 
9, Roosa Rautio, 3, 0, 0, 2, .000, 28, 0, 2, 0, 10, 0, 0, 0, 1, 0.0, 
12, Jordan Vail, 3, 7, 6, 19, .053, 0, 0, 0, 0, 2, 1, 1, 2, 0, 8.5, 
16, Maggie Smith, 3, 0, 0, 0, .000, 0, 1, 0, 0, 3, 0, 0, 0, 0, 1.0, 
17, Tamika Brekke, 2, 0, 0, 0, .000, 0, 0, 0, 1, 1, 0, 0, 0, 0, 0.0, 
18, Ashley Brueggeman, 3, 3, 3, 19, .000, 0, 0, 0, 0, 0, 1, 1, 0, 0, 4.5, 
TM, TEAM, 1, 0, 0, 0, .000, 0, 0, 0, 1, 0, 0, 0, 0, 0, 0.0, 
Totals, 31, 14, 104, .163, 30, 2, 5, 4, 44, 4, 2, 3, 1, 38.0, 
~
Clemson, 
, -- Attack --, , -- Serve --, , -- Block --, , , 
#, Player, SP, K, E, TA, K%, A, SA, SE, RE, DIGS, BS, BA, BE, BHE, PTS, 
2, Gabby Easton, 3, 2, 1, 4, .250, 43, 0, 1, 0, 4, 0, 0, 0, 1, 2.0, 
3, Torie Frederick, 3, 0, 0, 0, .000, 2, 0, 0, 1, 16, 0, 0, 0, 0, 0.0, 
4, Emily Curtis, 3, 0, 0, 0, .000, 0, 3, 0, 0, 6, 0, 0, 0, 0, 3.0, 
6, Alyssa Deloney, 3, 9, 0, 13, .692, 0, 1, 2, 0, 5, 0, 1, 0, 0, 10.5, 
8, Crystal Childs, 1, 0, 0, 0, .000, 0, 0, 0, 0, 0, 0, 0, 0, 0, 0.0, 
9, Katelyn DeGuzman, 1, 0, 0, 0, .000, 1, 0, 0, 0, 2, 0, 0, 0, 0, 0.0, 
11, Brooke Bailey, 3, 11, 3, 24, .333, 0, 0, 0, 0, 0, 0, 0, 0, 0, 11.0, 
15, Ashtynne Alberts, 3, 11, 2, 33, .273, 0, 0, 0, 0, 11, 0, 1, 0, 0, 11.5, 
19, Madi Howell, 3, 0, 0, 0, .000, 1, 0, 0, 1, 8, 0, 0, 0, 0, 0.0, 
21, Adria Oliver, 3, 3, 8, 22, -.227, 0, 0, 0, 0, 1, 1, 1, 1, 0, 4.5, 
22, Solei Thomas, 3, 14, 3, 27, .407, 0, 0, 0, 0, 1, 0, 1, 2, 0, 14.5, 
Totals, 50, 17, 123, .268, 47, 4, 3, 2, 54, 1, 4, 3, 1, 57.0, 
~
