Final, 1, 2, 3, 4, Score, 
Western Illinois (1-24, 0-12 Summit), 25, 21, 17, 23, 1, 
North Dakota (14-15, 6-7 Summit), 21, 25, 25, 25, 3, 
~
Western Illinois, 
, -- Attack --, , -- Serve --, , -- Block --, , , 
#, Player, SP, K, E, TA, K%, A, SA, SE, RE, DIGS, BS, BA, BE, BHE, PTS, 
2, Aleezah Washington, 1, 0, 1, 2, -.500, 0, 0, 0, 0, 0, 0, 3, 0, 0, 1.5, 
3, Shiah Sanders, 4, 15, 2, 33, .394, 1, 1, 1, 0, 2, 0, 4, 0, 0, 18.0, 
5, Jaime Johnson, 4, 2, 0, 11, .182, 38, 0, 0, 0, 4, 0, 1, 0, 0, 2.5, 
7, Melanie Patenaude, 4, 4, 3, 20, .050, 1, 0, 0, 3, 11, 0, 0, 0, 0, 4.0, 
8, Claire Grove, 4, 0, 0, 1, .000, 1, 0, 1, 1, 21, 0, 0, 0, 0, 0.0, 
12, Erika Moore, 3, 0, 0, 0, .000, 0, 0, 0, 1, 4, 0, 0, 0, 0, 0.0, 
14, Cassie Hunt, 1, 0, 0, 0, .000, 2, 1, 1, 0, 4, 0, 0, 0, 0, 1.0, 
15, Mackenzie Steckler, 4, 7, 4, 19, .158, 0, 0, 2, 0, 1, 1, 4, 0, 0, 10.0, 
17, Riley Schumacher, 2, 0, 2, 5, -.400, 0, 0, 0, 0, 0, 0, 1, 0, 0, 0.5, 
21, Madeline Dieter, 4, 9, 1, 16, .500, 0, 1, 3, 0, 1, 1, 4, 0, 0, 13.0, 
24, Emma Norris, 4, 9, 4, 28, .179, 0, 1, 1, 2, 7, 0, 1, 0, 0, 10.5, 
Totals, 46, 17, 135, .215, 43, 4, 9, 7, 55, 2, 18, 0, 0, 61.0, 
~
North Dakota, 
, -- Attack --, , -- Serve --, , -- Block --, , , 
#, Player, SP, K, E, TA, K%, A, SA, SE, RE, DIGS, BS, BA, BE, BHE, PTS, 
1, Darian Chwialkowski, 2, 0, 2, 12, -.167, 0, 0, 0, 1, 2, 0, 0, 0, 0, 0.0, 
4, Taliyah Flores, 4, 11, 3, 25, .320, 0, 2, 0, 0, 7, 0, 1, 0, 0, 13.5, 
5, Alivia Fraase, 4, 0, 0, 0, .000, 1, 1, 0, 0, 21, 0, 0, 0, 0, 1.0, 
7, Lexi Ahrens, 4, 13, 2, 21, .524, 0, 0, 1, 0, 6, 1, 3, 3, 0, 15.5, 
8, Lydia Rutten, 3, 8, 2, 16, .375, 0, 0, 0, 0, 2, 0, 1, 0, 0, 8.5, 
9, Roosa Rautio, 4, 1, 0, 2, .500, 50, 0, 2, 0, 5, 0, 1, 0, 0, 1.5, 
12, Jordan Vail, 4, 16, 7, 33, .273, 0, 0, 0, 0, 0, 1, 4, 0, 0, 19.0, 
15, Taylor Riedl, 2, 0, 1, 5, -.200, 0, 0, 0, 0, 0, 0, 2, 0, 0, 1.0, 
16, Maggie Smith, 4, 0, 0, 0, .000, 1, 2, 3, 1, 5, 0, 0, 0, 0, 2.0, 
17, Tamika Brekke, 4, 0, 1, 1, -1.000, 1, 1, 1, 1, 14, 0, 0, 0, 0, 1.0, 
18, Ashley Brueggeman, 4, 10, 7, 34, .088, 0, 0, 0, 0, 0, 1, 2, 0, 0, 12.0, 
20, Madi Hart, 4, 0, 0, 0, .000, 0, 1, 1, 0, 0, 0, 0, 0, 0, 1.0, 
TM, TEAM, 1, 0, 0, 0, .000, 0, 0, 0, 1, 0, 0, 0, 0, 0, 0.0, 
Totals, 59, 25, 149, .228, 53, 7, 8, 4, 62, 3, 14, 3, 0, 76.0, 
~
