Final, 1, 2, 3, 4, Score, 
South Dakota State (6-23 (3-14)), 18, 25, 15, 23, 1, 
Western Illinois (3-26 (2-14)), 25, 12, 25, 25, 3, 
~
South Dakota State, 
, -- Attack --, , -- Serve --, , -- Block --, , , 
#, Player, SP, K, E, TA, K%, A, SA, SE, RE, DIGS, BS, BA, BE, BHE, PTS, 
1, Sierra Peterson, 4, 10, 4, 19, .316, 0, 0, 0, 0, 1, 0, 1, 0, 0, 10.5, 
2, Kari Brucker, 4, 0, 0, 0, .000, 0, 0, 0, 0, 0, 0, 0, 0, 0, 0.0, 
3, Makenzie Hennen, 4, 10, 7, 34, .088, 2, 0, 0, 2, 10, 0, 0, 0, 0, 10.0, 
4, Ashlynn Smith, 4, 8, 5, 18, .167, 0, 0, 0, 0, 4, 0, 1, 0, 0, 8.5, 
7, Mattison Munger, 4, 1, 0, 5, .200, 16, 2, 0, 0, 8, 0, 0, 0, 0, 3.0, 
9, Crystal Burk, 4, 7, 7, 30, .000, 1, 0, 2, 3, 7, 1, 2, 0, 0, 9.0, 
11, Payton Richardson, 4, 3, 0, 7, .429, 0, 0, 0, 0, 0, 3, 3, 0, 0, 7.5, 
12, Ellie Thein, 4, 0, 0, 0, .000, 1, 2, 0, 4, 9, 0, 0, 0, 0, 2.0, 
15, Sydney Andrews, 4, 3, 1, 8, .250, 0, 1, 0, 0, 3, 0, 1, 0, 0, 4.5, 
18, Maddie Fay, 4, 0, 0, 0, .000, 18, 0, 1, 0, 6, 0, 0, 0, 0, 0.0, 
TM, TEAM, 1, 0, 0, 0, .000, 0, 0, 0, 1, 0, 0, 0, 0, 0, 0.0, 
Totals, 42, 24, 121, .149, 38, 5, 3, 10, 48, 4, 8, 0, 0, 55.0, 
~
Western Illinois, 
, -- Attack --, , -- Serve --, , -- Block --, , , 
#, Player, SP, K, E, TA, K%, A, SA, SE, RE, DIGS, BS, BA, BE, BHE, PTS, 
1, Shaela Gray, 3, 2, 1, 5, .200, 0, 0, 0, 2, 1, 0, 1, 0, 0, 2.5, 
2, Aleezah Washington, 1, 0, 0, 4, .000, 0, 0, 0, 0, 0, 0, 0, 0, 0, 0.0, 
3, Shiah Sanders, 4, 10, 1, 24, .375, 0, 0, 0, 0, 4, 0, 6, 0, 0, 13.0, 
5, Jaime Johnson, 4, 2, 0, 5, .400, 23, 0, 3, 0, 5, 0, 0, 0, 0, 2.0, 
6, Mariah Mitchell, 3, 2, 3, 9, -.111, 1, 0, 0, 0, 0, 0, 2, 0, 0, 3.0, 
7, Melanie Patenaude, 4, 8, 5, 28, .107, 1, 2, 3, 1, 9, 0, 2, 0, 0, 11.0, 
8, Claire Grove, 4, 0, 0, 0, .000, 1, 1, 1, 0, 12, 0, 0, 0, 0, 1.0, 
12, Erika Moore, 4, 0, 0, 1, .000, 0, 1, 0, 2, 2, 0, 0, 0, 0, 1.0, 
14, Cassie Hunt, 4, 0, 0, 1, .000, 17, 2, 3, 0, 6, 0, 0, 0, 0, 2.0, 
15, Mackenzie Steckler, 4, 8, 3, 18, .278, 0, 4, 3, 0, 1, 2, 6, 0, 0, 17.0, 
21, Madeline Dieter, 4, 11, 6, 24, .208, 0, 0, 0, 0, 0, 1, 5, 0, 0, 14.5, 
24, Emma Norris, 2, 6, 0, 9, .667, 2, 0, 0, 0, 2, 0, 0, 0, 0, 6.0, 
Totals, 49, 19, 128, .234, 45, 10, 13, 5, 42, 3, 22, 0, 0, 73.0, 
~
