Final, 1, 2, 3, 4, 5, Score, 
Omaha (7-7, 2-0 Summit), 25, 25, 23, 22, 15, 3, 
North Dakota State (2-11, 0-2 Summit), 14, 12, 25, 25, 11, 2, 
~
Omaha, 
, -- Attack --, , -- Serve --, , -- Block --, , , 
#, Player, SP, K, E, TA, K%, A, SA, SE, RE, DIGS, BS, BA, BE, BHE, PTS, 
1, Courtney Morehead, 5, 0, 0, 0, .000, 0, 0, 0, 4, 7, 0, 0, 0, 0, 0.0, 
3, Abby Bergsten, 5, 17, 3, 30, .467, 0, 0, 0, 1, 3, 0, 0, 0, 0, 17.0, 
5, Kenzie Michalek, 5, 0, 0, 0, .000, 1, 1, 2, 1, 10, 0, 0, 0, 0, 1.0, 
6, Isabella Sade, 5, 11, 1, 18, .556, 0, 2, 4, 0, 2, 0, 2, 0, 0, 14.0, 
8, Claire Mountjoy, 5, 0, 0, 0, .000, 3, 2, 2, 1, 18, 0, 0, 0, 0, 2.0, 
10, Sadie Limback, 5, 14, 7, 28, .250, 0, 0, 7, 5, 11, 0, 1, 0, 0, 14.5, 
11, Anna Blaschko, 5, 14, 1, 22, .591, 1, 0, 0, 0, 0, 1, 2, 1, 0, 16.0, 
14, Claire Leonard, 5, 18, 2, 30, .533, 0, 0, 0, 0, 0, 0, 1, 1, 0, 18.5, 
24, Sydney Case, 5, 3, 0, 6, .500, 65, 4, 3, 0, 3, 0, 2, 0, 0, 8.0, 
Totals, 77, 14, 134, .470, 70, 9, 18, 12, 54, 1, 8, 2, 0, 91.0, 
~
North Dakota State, 
, -- Attack --, , -- Serve --, , -- Block --, , , 
#, Player, SP, K, E, TA, K%, A, SA, SE, RE, DIGS, BS, BA, BE, BHE, PTS, 
1, Kirstin Tidd, 2, 1, 1, 3, .000, 0, 0, 0, 0, 1, 0, 0, 0, 0, 1.0, 
2, Allie Mauch, 5, 5, 6, 25, -.040, 0, 0, 0, 0, 3, 0, 2, 0, 0, 6.0, 
4, Ally Murphy, 1, 0, 0, 2, .000, 0, 0, 0, 1, 0, 0, 0, 0, 0, 0.0, 
5, McKenzie Burke, 5, 8, 2, 17, .353, 1, 1, 0, 1, 3, 0, 1, 0, 0, 9.5, 
6, Alex Erickson, 3, 7, 2, 14, .357, 1, 0, 1, 0, 3, 0, 0, 0, 0, 7.0, 
7, Abbi Klos, 5, 0, 0, 0, .000, 2, 3, 0, 1, 12, 0, 0, 0, 0, 3.0, 
8, Bella Lien, 5, 3, 1, 10, .200, 0, 0, 0, 0, 1, 1, 2, 0, 0, 5.0, 
9, Emily Halverson, 5, 4, 3, 13, .077, 0, 0, 2, 1, 1, 0, 3, 2, 0, 5.5, 
10, Maggie Steffen, 2, 0, 0, 4, .000, 0, 0, 0, 0, 0, 0, 0, 0, 0, 0.0, 
11, Paige Schaffer, 3, 0, 0, 0, .000, 0, 1, 0, 0, 1, 0, 0, 0, 0, 1.0, 
12, Kaylee Hanger, 5, 0, 0, 0, .000, 0, 2, 0, 0, 4, 0, 0, 0, 0, 2.0, 
13, Alexis Bachmeier, 5, 10, 2, 27, .296, 0, 1, 0, 4, 7, 0, 1, 0, 0, 11.5, 
16, Kalli Hegerle, 5, 4, 1, 10, .300, 33, 4, 1, 1, 4, 0, 1, 1, 1, 8.5, 
Totals, 42, 18, 125, .192, 37, 12, 4, 9, 40, 1, 10, 3, 1, 60.0, 
~
