Final, 1, 2, 3, Score, 
Purdue Fort Wayne (1-3), 24, 26, 17, 0, 
IUPUI (1-3), 26, 28, 25, 3, 
~
Purdue Fort Wayne, 
, -- Attack --, , -- Serve --, , -- Block --, , , 
#, Player, SP, K, E, TA, K%, A, SA, SE, RE, DIGS, BS, BA, BE, BHE, PTS, 
1, Madison Jaqua, 3, 1, 0, 1, 1.000, 18, 1, 0, 0, 7, 0, 0, 0, 0, 2.0, 
3, Elizabeth Britner, 3, 0, 0, 0, .000, 1, 0, 3, 0, 13, 0, 0, 0, 0, 0.0, 
4, Victoria Mills, 3, 0, 0, 0, .000, 6, 2, 0, 0, 4, 0, 0, 0, 1, 2.0, 
6, Madison Gates, 1, 0, 1, 1, -1.000, 5, 0, 0, 0, 2, 0, 0, 0, 0, 0.0, 
7, Taylor Duddleston, 1, 0, 0, 0, .000, 0, 0, 0, 0, 3, 0, 0, 0, 0, 0.0, 
8, Elizabeth Fuerst, 3, 11, 3, 38, .211, 1, 0, 0, 0, 6, 0, 4, 0, 0, 13.0, 
9, Katie Crowe, 3, 6, 4, 28, .071, 0, 1, 3, 1, 9, 0, 0, 0, 0, 7.0, 
10, Sandra Hoevels, 1, 0, 0, 2, .000, 0, 0, 0, 0, 0, 0, 0, 0, 0, 0.0, 
12, Sydney Cox, 3, 1, 2, 4, -.250, 0, 0, 0, 0, 0, 0, 3, 0, 0, 2.5, 
13, Sydney Boerst, 3, 6, 4, 13, .154, 0, 1, 0, 0, 1, 3, 1, 0, 0, 10.5, 
14, Madelyn Wurster, 3, 1, 4, 11, -.273, 0, 0, 0, 0, 2, 1, 0, 0, 0, 2.0, 
24, Nicole Rightnowar, 3, 9, 7, 36, .056, 0, 0, 0, 3, 10, 0, 0, 0, 0, 9.0, 
TM, TEAM, 1, 0, 0, 0, .000, 0, 0, 0, 0, 0, 0, 0, 0, 0, 0.0, 
Totals, 35, 25, 134, .075, 31, 5, 6, 4, 57, 4, 8, 0, 1, 48.0, 
~
IUPUI, 
, -- Attack --, , -- Serve --, , -- Block --, , , 
#, Player, SP, K, E, TA, K%, A, SA, SE, RE, DIGS, BS, BA, BE, BHE, PTS, 
1, BOATMAN, Abby, 1, 0, 0, 0, .000, 0, 0, 0, 0, 1, 0, 0, 0, 0, 0.0, 
2, HICKEY, Rachel, 3, 0, 0, 0, .000, 2, 0, 1, 1, 22, 0, 0, 0, 0, 0.0, 
4, GASKILL, Elli, 3, 0, 0, 0, .000, 0, 2, 0, 0, 1, 0, 0, 0, 0, 2.0, 
5, GIBSON, Maggie, 3, 13, 4, 32, .281, 9, 0, 0, 0, 7, 0, 0, 0, 0, 13.0, 
6, WRIGHT, McKayla, 3, 7, 4, 28, .107, 2, 2, 1, 4, 14, 0, 0, 1, 0, 9.0, 
8, SCHLECHTE, Rebecca, 3, 0, 0, 1, .000, 24, 0, 2, 0, 4, 0, 0, 0, 1, 0.0, 
9, SCHUENEMANN, Rhianno, 3, 1, 0, 1, 1.000, 0, 0, 0, 0, 2, 0, 0, 0, 0, 1.0, 
10, SCOTT, Elizabeth, 3, 9, 4, 32, .156, 1, 0, 1, 0, 6, 0, 4, 0, 0, 11.0, 
11, HOFFMAN, Haley, 3, 6, 2, 13, .308, 1, 0, 0, 0, 0, 0, 4, 0, 0, 8.0, 
12, JOHNSON, Kaitlyn, 3, 3, 1, 11, .182, 0, 0, 0, 0, 2, 1, 1, 0, 0, 4.5, 
13, DEAN, Maddie, 1, 0, 0, 2, .000, 0, 0, 0, 0, 1, 0, 0, 0, 0, 0.0, 
17, NORFLEET, Shakana, 3, 3, 3, 7, .000, 0, 0, 0, 0, 1, 0, 1, 0, 0, 3.5, 
TM, TEAM, 1, 0, 1, 1, -1.000, 0, 0, 0, 0, 0, 0, 0, 0, 0, 0.0, 
Totals, 42, 19, 128, .180, 39, 4, 5, 5, 61, 1, 10, 1, 1, 52.0, 
~
